1,1745981460.5622807,nan
2,1745981461.5741715,nan
3,1745981462.6011696,nan
4,1745981463.6133497,nan
5,1745981464.6398666,nan
6,1745981465.6544304,nan
7,1745981466.6800394,nan
8,1745981467.6921155,nan
9,1745981468.712095,nan
10,1745981469.7390325,nan
11,1745981470.761688,nan
12,1745981471.7845376,nan
13,1745981472.8036535,nan
14,1745981473.8255014,nan
15,1745981474.8401446,nan
16,1745981475.9164412,nan
17,1745981476.932487,nan
18,1745981477.94627,nan
19,1745981478.9698153,nan
20,1745981479.9811883,nan
21,1745981480.9958699,nan
22,1745981482.0150814,nan
23,1745981483.0389102,nan
24,1745981484.0589507,nan
25,1745981485.0745368,nan
26,1745981486.0859382,nan
27,1745981487.116567,nan
28,1745981488.1430292,nan
29,1745981489.1657271,nan
30,1745981490.1916509,nan
31,1745981491.2181096,nan
32,1745981492.2310538,nan
33,1745981493.2530773,nan
34,1745981494.2782133,nan
35,1745981495.3042345,nan
36,1745981496.3251333,nan
37,1745981497.350832,nan
38,1745981498.3633597,nan
39,1745981499.3769302,nan
40,1745981500.4030797,nan
41,1745981501.4289079,nan
42,1745981502.4421544,nan
43,1745981503.4674408,nan
44,1745981504.4936748,nan
45,1745981505.5191505,nan
46,1745981506.6070204,nan
47,1745981507.618742,nan
48,1745981508.6399393,nan
49,1745981509.6628284,nan
50,1745981510.6830714,nan
51,1745981511.7096121,nan
52,1745981512.724114,nan
53,1745981513.7481854,nan
54,1745981514.7716212,nan
55,1745981515.7867928,nan
56,1745981516.8118362,nan
57,1745981517.825148,nan
58,1745981518.851397,nan
59,1745981519.8640337,nan
60,1745981520.8903565,nan
61,1745981521.9034235,nan
62,1745981522.9227145,nan
63,1745981523.941926,nan
64,1745981524.9680483,nan
65,1745981525.993021,nan
66,1745981527.01824,nan
67,1745981528.0398097,nan
68,1745981529.0619164,nan
69,1745981530.0811877,nan
70,1745981531.1056046,nan
71,1745981532.1329882,nan
72,1745981533.1465425,nan
73,1745981534.1730344,nan
74,1745981535.185365,nan
75,1745981536.2724986,nan
76,1745981537.2841702,nan
77,1745981538.3076365,nan
78,1745981539.3188748,nan
79,1745981540.341643,nan
80,1745981541.3658545,nan
81,1745981542.3889399,nan
82,1745981543.4138954,nan
83,1745981544.436796,nan
84,1745981545.449543,nan
85,1745981546.4745078,nan
86,1745981547.5008352,nan
87,1745981548.526275,nan
88,1745981549.546199,nan
89,1745981550.568873,nan
90,1745981551.5944035,nan
91,1745981552.620731,nan
92,1745981553.647035,nan
93,1745981554.6634932,nan
94,1745981555.685754,nan
95,1745981556.7111228,nan
96,1745981557.737352,nan
97,1745981558.750533,nan
98,1745981559.7747283,nan
99,1745981560.799062,nan
100,1745981561.8140182,nan
101,1745981562.8379743,nan
102,1745981563.8549569,nan
103,1745981564.8815384,nan
104,1745981565.9070385,nan
105,1745981566.9973066,nan
106,1745981568.0228286,nan
107,1745981569.0487418,nan
108,1745981570.0631306,nan
109,1745981571.087565,nan
110,1745981572.1014576,nan
111,1745981573.114219,nan
112,1745981574.1276503,nan
113,1745981575.147996,nan
114,1745981576.1653383,nan
115,1745981577.1911607,nan
116,1745981578.2047598,nan
117,1745981579.2269363,nan
118,1745981580.2399316,nan
119,1745981581.2535186,nan
120,1745981582.2667456,nan
121,1745981583.2810884,nan
122,1745981584.2969,nan
123,1745981585.320861,nan
124,1745981586.3445876,nan
125,1745981587.3711224,nan
126,1745981588.394366,nan
127,1745981589.4191148,nan
128,1745981590.445515,nan
129,1745981591.47009,nan
130,1745981592.4917893,nan
131,1745981593.5137286,nan
132,1745981594.526458,nan
133,1745981595.5469975,nan
134,1745981596.5615366,nan
135,1745981598.6940813,nan
136,1745981599.7143447,nan
137,1745981600.7389703,nan
138,1745981601.7653928,nan
139,1745981602.7910903,nan
140,1745981603.816879,nan
141,1745981604.8332717,nan
142,1745981605.8467255,nan
143,1745981606.8658738,nan
144,1745981607.8948915,nan
145,1745981608.9076867,nan
146,1745981609.9330812,nan
147,1745981610.9586396,nan
148,1745981611.9717348,nan
149,1745981612.9910922,nan
150,1745981614.0057762,nan
151,1745981615.029952,nan
152,1745981616.05281,nan
153,1745981617.0680146,nan
154,1745981618.0887392,nan
155,1745981619.100853,nan
156,1745981620.1163895,nan
157,1745981621.1413796,nan
158,1745981622.1746442,nan
159,1745981622.4649937,279.8445224761963
160,1745981623.484134,nan
161,1745981624.5089414,nan
162,1745981625.5327542,nan
163,1745981626.5538943,nan
164,1745981627.5701666,nan
165,1745981628.691057,nan
166,1745981629.716707,nan
167,1745981630.7315226,nan
168,1745981631.7546988,nan
169,1745981632.7743967,nan
170,1745981633.790005,nan
171,1745981634.809959,nan
172,1745981635.8305256,nan
173,1745981636.8417482,nan
174,1745981637.8718307,nan
175,1745981638.886098,nan
176,1745981639.914218,nan
177,1745981640.9358249,nan
178,1745981641.9497273,nan
179,1745981642.9708457,nan
180,1745981643.9923987,nan
181,1745981645.0128355,nan
182,1745981646.0279737,nan
183,1745981647.0487978,nan
184,1745981648.0751894,nan
185,1745981649.098758,nan
186,1745981650.1133788,nan
187,1745981651.1325712,nan
188,1745981652.1635869,nan
189,1745981653.1816669,nan
190,1745981654.205968,nan
191,1745981655.2316356,nan
192,1745981656.248112,nan
193,1745981657.2725987,nan
194,1745981658.3950758,nan
195,1745981659.4079998,nan
196,1745981660.4290683,nan
197,1745981661.454923,nan
198,1745981662.4679255,nan
199,1745981663.48157,nan
200,1745981664.4949281,nan
201,1745981665.5180254,nan
202,1745981666.538587,nan
203,1745981667.5627937,nan
204,1745981668.5900629,nan
205,1745981669.6026278,nan
206,1745981670.6261222,nan
207,1745981671.6386895,nan
208,1745981672.6524596,nan
209,1745981673.6656122,nan
210,1745981674.6802578,nan
211,1745981675.7017524,nan
212,1745981676.715726,nan
213,1745981677.7274199,nan
214,1745981678.753721,nan
215,1745981679.779605,nan
216,1745981680.8042214,nan
217,1745981681.828865,nan
218,1745981682.8427212,nan
219,1745981683.854565,nan
220,1745981684.868042,nan
221,1745981685.8811436,nan
222,1745981686.892599,nan
223,1745981687.9047031,nan
224,1745981688.997069,nan
225,1745981690.0229373,nan
226,1745981691.0369291,nan
227,1745981692.051248,nan
228,1745981693.0769856,nan
229,1745981694.099697,nan
230,1745981695.1125076,nan
231,1745981696.1253679,nan
232,1745981697.151587,nan
233,1745981698.1622539,nan
234,1745981699.1888015,nan
235,1745981700.2021663,nan
236,1745981701.2150853,nan
237,1745981702.2273543,nan
238,1745981703.2463264,nan
239,1745981704.2590597,nan
240,1745981705.2710578,nan
241,1745981706.293639,nan
242,1745981707.3190196,nan
243,1745981708.3311746,nan
244,1745981709.3463192,nan
245,1745981710.3588066,nan
246,1745981711.3744826,nan
247,1745981712.386561,nan
248,1745981713.400089,nan
249,1745981714.4247372,nan
250,1745981715.450162,nan
251,1745981716.4761565,nan
252,1745981717.4949272,nan
253,1745981718.5199761,nan
254,1745981719.6128204,nan
255,1745981720.6299896,nan
256,1745981721.6547303,nan
257,1745981722.6669958,nan
258,1745981723.6790283,nan
259,1745981724.7047572,nan
260,1745981725.7276356,nan
261,1745981726.755024,nan
262,1745981727.772971,nan
263,1745981728.7853436,nan
264,1745981729.7986858,nan
265,1745981730.8163877,nan
266,1745981731.8410094,nan
267,1745981732.8610356,nan
268,1745981733.8789427,nan
269,1745981734.9054942,nan
270,1745981735.91819,nan
271,1745981736.9438245,nan
272,1745981737.966849,nan
273,1745981738.9919243,nan
274,1745981740.012705,nan
275,1745981741.0361514,nan
276,1745981742.0606487,nan
277,1745981743.0861251,nan
278,1745981744.1172736,nan
279,1745981745.1441941,nan
280,1745981746.16988,nan
281,1745981747.1958222,nan
282,1745981748.215057,nan
283,1745981750.373678,nan
284,1745981751.387408,nan
285,1745981752.410816,nan
286,1745981753.4342005,nan
287,1745981754.457755,nan
288,1745981755.4809277,nan
289,1745981756.504002,nan
290,1745981757.5301158,nan
291,1745981758.555915,nan
292,1745981759.5671308,nan
293,1745981760.5911489,nan
294,1745981761.6036701,nan
295,1745981762.6308393,nan
296,1745981763.6458757,nan
297,1745981764.657541,nan
298,1745981765.6699286,nan
299,1745981766.6816914,nan
300,1745981767.6986716,nan
301,1745981768.723996,nan
302,1745981769.736969,nan
303,1745981770.748831,nan
304,1745981771.7711139,nan
305,1745981772.7936888,nan
306,1745981773.8190293,nan
307,1745981774.8473902,nan
308,1745981775.8690822,nan
309,1745981776.8938818,nan
310,1745981777.9189289,nan
311,1745981778.936632,nan
312,1745981780.014209,nan
313,1745981781.0390582,nan
314,1745981782.059946,nan
315,1745981783.079961,nan
316,1745981784.1023257,nan
317,1745981785.1205726,nan
318,1745981786.1328027,nan
319,1745981787.1598477,nan
320,1745981788.1838274,nan
321,1745981789.2107337,nan
322,1745981790.2320566,nan
323,1745981791.2548406,nan
324,1745981792.2660055,nan
325,1745981793.290846,nan
326,1745981794.3156123,nan
327,1745981795.3408935,nan
328,1745981796.363922,nan
329,1745981797.3887577,nan
330,1745981798.4037633,nan
331,1745981799.4230678,nan
332,1745981800.4351099,nan
333,1745981801.4562538,nan
334,1745981802.477227,nan
335,1745981803.4978411,nan
336,1745981804.5261579,nan
337,1745981805.5497353,nan
338,1745981806.575197,nan
339,1745981807.5987897,nan
340,1745981808.6151547,nan
341,1745981809.6290336,nan
342,1745981811.7534034,nan
343,1745981812.7759898,nan
344,1745981813.799674,nan
345,1745981814.8152301,nan
346,1745981815.826643,nan
347,1745981816.8455167,nan
348,1745981817.8578691,nan
349,1745981818.8798504,nan
350,1745981819.8935645,nan
351,1745981820.9156897,nan
352,1745981821.92759,nan
353,1745981822.93998,nan
354,1745981823.959278,nan
355,1745981824.247649,277.5273323059082
356,1745981825.2687497,nan
357,1745981826.290224,nan
358,1745981827.3024223,nan
359,1745981828.3168778,nan
360,1745981829.328975,nan
361,1745981830.3542275,nan
362,1745981831.370301,nan
363,1745981832.3961716,nan
364,1745981833.4128258,nan
365,1745981834.4431663,nan
366,1745981835.464153,nan
367,1745981836.4870842,nan
368,1745981837.51082,nan
369,1745981838.5254788,nan
370,1745981839.5386329,nan
371,1745981840.5622106,nan
372,1745981841.677677,nan
373,1745981842.701252,nan
374,1745981843.712538,nan
375,1745981844.7377784,nan
376,1745981845.7492125,nan
377,1745981846.7752156,nan
378,1745981847.786436,nan
379,1745981848.79923,nan
380,1745981849.8209665,nan
381,1745981850.8373044,nan
382,1745981851.8521566,nan
383,1745981852.8668303,nan
384,1745981853.8806233,nan
385,1745981854.9037511,nan
386,1745981855.9201553,nan
387,1745981856.9418204,nan
388,1745981857.955658,nan
389,1745981858.9822598,nan
390,1745981860.0071454,nan
391,1745981861.0207105,nan
392,1745981862.0425525,nan
393,1745981863.0663722,nan
394,1745981864.0949254,nan
395,1745981865.1108518,nan
396,1745981866.1259272,nan
397,1745981867.1524055,nan
398,1745981868.1697228,nan
399,1745981869.1899555,nan
400,1745981870.2024856,nan
401,1745981871.2961543,nan
402,1745981872.319496,nan
403,1745981873.3321877,nan
404,1745981874.3588648,nan
405,1745981875.3826659,nan
406,1745981876.407808,nan
407,1745981877.4291515,nan
408,1745981878.454644,nan
409,1745981879.4802668,nan
410,1745981880.506423,nan
411,1745981881.5223444,nan
412,1745981882.5422354,nan
413,1745981883.5566697,nan
414,1745981884.5818596,nan
415,1745981885.6048653,nan
416,1745981886.6304796,nan
417,1745981887.6461327,nan
418,1745981888.6710818,nan
419,1745981889.6913078,nan
420,1745981890.716862,nan
421,1745981891.7287612,nan
422,1745981892.741002,nan
423,1745981893.7603273,nan
424,1745981894.781576,nan
425,1745981895.8071754,nan
426,1745981896.8305779,nan
427,1745981897.8433948,nan
428,1745981898.8548834,nan
429,1745981899.8761563,nan
430,1745981900.888957,nan
431,1745981903.0080462,nan
432,1745981904.034466,nan
433,1745981905.0477767,nan
434,1745981906.07175,nan
435,1745981907.0949862,nan
436,1745981908.11869,nan
437,1745981909.141693,nan
438,1745981910.15557,nan
439,1745981911.1811357,nan
440,1745981912.2057405,nan
441,1745981913.231918,nan
442,1745981914.2538965,nan
443,1745981915.2764509,nan
444,1745981916.2987628,nan
445,1745981917.3223102,nan
446,1745981918.3345022,nan
447,1745981919.3562262,nan
448,1745981920.3818774,nan
449,1745981921.4079766,nan
450,1745981922.4199529,nan
451,1745981923.43687,nan
452,1745981924.4661045,nan
453,1745981925.489257,nan
454,1745981926.507489,nan
455,1745981927.5319455,nan
456,1745981928.557006,nan
457,1745981929.582382,nan
458,1745981930.6079454,nan
459,1745981931.6323254,nan
460,1745981932.6442218,nan
461,1745981933.7300599,nan
462,1745981934.756832,nan
463,1745981935.7699735,nan
464,1745981936.787196,nan
465,1745981937.805899,nan
466,1745981938.8249047,nan
467,1745981939.850093,nan
468,1745981940.8744977,nan
469,1745981941.8998208,nan
470,1745981942.925105,nan
471,1745981943.2153597,279.7739505767822
472,1745981944.2379565,nan
473,1745981945.250099,nan
474,1745981946.261895,nan
475,1745981947.284055,nan
476,1745981948.3090801,nan
477,1745981949.3349724,nan
478,1745981950.3605394,nan
479,1745981951.386109,nan
480,1745981952.3991928,nan
481,1745981953.410805,nan
482,1745981954.4364579,nan
483,1745981955.4479516,nan
484,1745981956.470902,nan
485,1745981957.483157,nan
486,1745981958.5100057,nan
487,1745981959.52558,nan
488,1745981960.5464091,nan
489,1745981961.5727248,nan
490,1745981962.593354,nan
491,1745981964.719019,nan
492,1745981965.7325852,nan
493,1745981966.756242,nan
494,1745981967.7693622,nan
495,1745981968.7937758,nan
496,1745981969.8177254,nan
497,1745981970.8416348,nan
498,1745981971.867766,nan
499,1745981972.891306,nan
500,1745981973.9033084,nan
501,1745981974.916933,nan
502,1745981975.9399962,nan
503,1745981976.9656863,nan
504,1745981977.9777956,nan
505,1745981979.000125,nan
506,1745981980.0221934,nan
507,1745981981.0423753,nan
508,1745981982.0640733,nan
509,1745981983.0904906,nan
510,1745981984.111421,nan
511,1745981985.1263034,nan
512,1745981986.1387076,nan
513,1745981987.160098,nan
514,1745981988.1828246,nan
515,1745981989.197731,nan
516,1745981990.2233675,nan
517,1745981991.2357886,nan
518,1745981992.261042,nan
519,1745981993.2760165,nan
520,1745981994.364654,nan
521,1745981995.378708,nan
522,1745981996.399626,nan
523,1745981997.4227443,nan
524,1745981998.446637,nan
525,1745981998.7442117,287.0466709136963
526,1745981999.760745,nan
527,1745982000.7849424,nan
528,1745982001.809424,nan
529,1745982002.8346016,nan
530,1745982003.860686,nan
531,1745982004.8830867,nan
532,1745982005.898898,nan
533,1745982006.924614,nan
534,1745982007.9459977,nan
535,1745982008.971313,nan
536,1745982009.995921,nan
537,1745982011.0088246,nan
538,1745982012.031676,nan
539,1745982013.0574422,nan
540,1745982014.082048,nan
541,1745982015.1077063,nan
542,1745982016.1318982,nan
543,1745982017.144377,nan
544,1745982018.1686003,nan
545,1745982019.1810825,nan
546,1745982020.1953351,nan
547,1745982021.220321,nan
548,1745982022.2345462,nan
549,1745982023.261224,nan
550,1745982025.3859806,nan
551,1745982026.4103122,nan
552,1745982027.4360561,nan
553,1745982028.4505928,nan
554,1745982029.4725704,nan
555,1745982030.4917545,nan
556,1745982031.5152931,nan
557,1745982032.535228,nan
558,1745982033.5587757,nan
559,1745982034.5816162,nan
560,1745982035.6005993,nan
561,1745982036.6145718,nan
562,1745982037.6402059,nan
563,1745982038.665616,nan
564,1745982039.6856334,nan
565,1745982040.7123146,nan
566,1745982041.7361293,nan
567,1745982042.7516448,nan
568,1745982043.765463,nan
569,1745982044.7789283,nan
570,1745982045.7944312,nan
571,1745982046.8191094,nan
572,1745982047.8448648,nan
573,1745982048.867554,nan
574,1745982049.887694,nan
575,1745982050.9141347,nan
576,1745982051.9259892,nan
577,1745982052.949241,nan
578,1745982053.964608,nan
579,1745982055.0820081,nan
580,1745982056.1057124,nan
581,1745982057.119857,nan
582,1745982058.145088,nan
583,1745982059.1703882,nan
584,1745982060.1915143,nan
585,1745982061.2170506,nan
586,1745982062.2419846,nan
587,1745982063.2564464,nan
588,1745982064.281296,nan
589,1745982065.3048239,nan
590,1745982066.3191843,nan
591,1745982067.3428223,nan
592,1745982068.3559134,nan
593,1745982069.3795323,nan
594,1745982070.3934462,nan
595,1745982071.4171815,nan
596,1745982072.4403195,nan
597,1745982073.4647474,nan
598,1745982074.47729,nan
599,1745982075.4940622,nan
600,1745982076.518716,nan
601,1745982077.544325,nan
602,1745982078.5689871,nan
603,1745982079.5905519,nan
604,1745982080.6086667,nan
605,1745982081.6210504,nan
606,1745982082.643539,nan
607,1745982083.6678767,nan
608,1745982084.6809578,nan
609,1745982086.8064206,nan
610,1745982087.8294766,nan
611,1745982088.842119,nan
612,1745982089.8660855,nan
613,1745982090.8894672,nan
614,1745982091.915346,nan
615,1745982092.9286244,nan
616,1745982093.951643,nan
617,1745982094.9740596,nan
618,1745982095.9987338,nan
619,1745982097.024746,nan
620,1745982098.048041,nan
621,1745982099.0716228,nan
622,1745982100.0907638,nan
623,1745982101.1250525,nan
624,1745982102.1464245,nan
625,1745982103.1736233,nan
626,1745982104.1960955,nan
627,1745982105.2195718,nan
628,1745982106.2464058,nan
629,1745982107.2701998,nan
630,1745982108.2921536,nan
631,1745982109.3177965,nan
632,1745982110.3310597,nan
633,1745982111.352572,nan
634,1745982112.3788054,nan
635,1745982113.3978858,nan
636,1745982114.412559,nan
637,1745982115.4371848,nan
638,1745982116.526028,nan
639,1745982117.5449572,nan
640,1745982118.5641415,nan
641,1745982119.5795257,nan
642,1745982120.6059523,nan
643,1745982121.6308107,nan
644,1745982122.6452563,nan
645,1745982123.6569092,nan
646,1745982124.6827507,nan
647,1745982125.6960468,nan
648,1745982126.7200775,nan
649,1745982127.7426665,nan
650,1745982128.7671568,nan
651,1745982129.7805321,nan
652,1745982130.8068826,nan
653,1745982131.8190863,nan
654,1745982132.840228,nan
655,1745982133.854816,nan
656,1745982134.8747473,nan
657,1745982135.8918672,nan
658,1745982136.9188445,nan
659,1745982137.9431005,nan
660,1745982138.9589114,nan
661,1745982139.9721043,nan
662,1745982140.998021,nan
663,1745982142.0212388,nan
664,1745982143.0459254,nan
665,1745982144.0725617,nan
666,1745982145.0950031,nan
667,1745982146.1887984,nan
668,1745982147.215665,nan
669,1745982148.241825,nan
670,1745982149.2634914,nan
671,1745982150.2843359,nan
672,1745982151.308949,nan
673,1745982152.3327115,nan
674,1745982153.348462,nan
675,1745982154.360049,nan
676,1745982155.3756773,nan
677,1745982156.3972652,nan
678,1745982157.4115987,nan
679,1745982158.4370685,nan
680,1745982159.4495842,nan
681,1745982160.464913,nan
682,1745982161.4946444,nan
683,1745982162.5098076,nan
684,1745982163.5356019,nan
685,1745982164.54885,nan
686,1745982165.5610635,nan
687,1745982166.5852957,nan
688,1745982167.6086617,nan
689,1745982168.6301906,nan
690,1745982169.6458645,nan
691,1745982170.6686559,nan
692,1745982171.6931689,nan
693,1745982172.716837,nan
694,1745982173.7389421,nan
695,1745982174.7641983,nan
696,1745982175.778768,nan
697,1745982176.8674664,nan
698,1745982177.8803835,nan
699,1745982178.9022183,nan
700,1745982179.9198964,nan
701,1745982180.9436212,nan
702,1745982181.963504,nan
703,1745982182.9768844,nan
704,1745982183.9985826,nan
705,1745982185.0241497,nan
706,1745982186.0388515,nan
707,1745982187.064693,nan
708,1745982188.0897462,nan
709,1745982189.1042616,nan
710,1745982190.1178257,nan
711,1745982191.138772,nan
712,1745982192.1519237,nan
713,1745982193.1652524,nan
714,1745982194.1769862,nan
715,1745982195.2021646,nan
716,1745982196.214232,nan
717,1745982197.2263808,nan
718,1745982198.2521944,nan
719,1745982199.2746553,nan
720,1745982200.2993157,nan
721,1745982201.318663,nan
722,1745982202.3436952,nan
723,1745982203.361856,nan
724,1745982204.387106,nan
725,1745982205.4132886,nan
726,1745982206.4368145,nan
727,1745982207.511427,nan
728,1745982208.5373049,nan
729,1745982209.550592,nan
730,1745982210.5752347,nan
731,1745982211.5989802,nan
732,1745982212.6153288,nan
733,1745982213.6405003,nan
734,1745982214.6641085,nan
735,1745982215.6770582,nan
736,1745982216.7029119,nan
737,1745982217.7149181,nan
738,1745982218.7375782,nan
739,1745982219.762939,nan
740,1745982220.7750309,nan
741,1745982221.7960787,nan
742,1745982222.8189251,nan
743,1745982223.8417037,nan
744,1745982224.8664527,nan
745,1745982225.8818805,nan
746,1745982226.9075472,nan
747,1745982227.9337053,nan
748,1745982228.9469647,nan
749,1745982229.9577417,nan
750,1745982230.9716651,nan
751,1745982231.997476,nan
752,1745982233.0223584,nan
753,1745982234.0387647,nan
754,1745982235.061447,nan
755,1745982236.0742013,nan
756,1745982237.1617308,nan
757,1745982238.1815705,nan
758,1745982239.1957638,nan
759,1745982240.2197707,nan
760,1745982241.246448,nan
761,1745982242.2722204,nan
762,1745982243.2942405,nan
763,1745982244.3186305,nan
764,1745982245.3434215,nan
765,1745982246.3667812,nan
766,1745982247.3807263,nan
767,1745982248.406877,nan
768,1745982249.419842,nan
769,1745982250.440655,nan
770,1745982251.4546132,nan
771,1745982252.4802225,nan
772,1745982253.4919558,nan
773,1745982254.5067477,nan
774,1745982255.520846,nan
775,1745982256.534558,nan
776,1745982257.5579321,nan
777,1745982258.5798178,nan
778,1745982259.5927315,nan
779,1745982260.6190677,nan
780,1745982261.6448898,nan
781,1745982262.6598387,nan
782,1745982263.6800678,nan
783,1745982264.7069232,nan
784,1745982265.7241278,nan
785,1745982266.7471635,nan
786,1745982267.8329403,nan
787,1745982268.855546,nan
788,1745982269.8804889,nan
789,1745982270.904021,nan
790,1745982271.9276695,nan
791,1745982272.9551423,nan
792,1745982273.9688647,nan
793,1745982274.9888992,nan
794,1745982276.0086813,nan
795,1745982277.0341055,nan
796,1745982278.0489202,nan
797,1745982279.0720463,nan
798,1745982280.0965025,nan
799,1745982281.1126177,nan
800,1745982282.1342466,nan
801,1745982283.160055,nan
802,1745982284.1748655,nan
803,1745982285.1889944,nan
804,1745982286.2131236,nan
805,1745982287.2366383,nan
806,1745982288.2539048,nan
807,1745982289.280412,nan
808,1745982290.2942767,nan
809,1745982291.3178585,nan
810,1745982292.3289173,nan
811,1745982293.3429356,nan
812,1745982294.3696022,nan
813,1745982295.3951366,nan
814,1745982296.4067488,nan
815,1745982297.4310827,nan
816,1745982299.5530214,nan
817,1745982300.5749612,nan
818,1745982301.5861845,nan
819,1745982302.59858,nan
820,1745982303.6249669,nan
821,1745982304.6365695,nan
822,1745982305.6600983,nan
823,1745982306.6857843,nan
824,1745982307.7072515,nan
825,1745982308.7343886,nan
826,1745982309.7455456,nan
827,1745982310.7716045,nan
828,1745982311.7917464,nan
829,1745982312.8149695,nan
830,1745982313.8299963,nan
831,1745982314.8422368,nan
832,1745982315.8655355,nan
833,1745982316.8778465,nan
834,1745982317.8900576,nan
835,1745982318.911608,nan
836,1745982319.9334443,nan
837,1745982320.9456954,nan
838,1745982321.9607813,nan
839,1745982322.9726586,nan
840,1745982323.9887714,nan
841,1745982325.0146263,nan
842,1745982326.0385773,nan
843,1745982327.0559325,nan
844,1745982328.0795913,nan
845,1745982329.1690261,nan
846,1745982330.1949613,nan
847,1745982331.2187026,nan
848,1745982332.2426503,nan
849,1745982333.268959,nan
850,1745982334.281048,nan
851,1745982335.293054,nan
852,1745982336.31677,nan
853,1745982337.3408864,nan
854,1745982338.367575,nan
855,1745982339.3825545,nan
856,1745982340.4107108,nan
857,1745982341.4360752,nan
858,1745982342.4587624,nan
859,1745982343.4707875,nan
860,1745982344.4841683,nan
861,1745982345.495722,nan
862,1745982346.51994,nan
863,1745982347.5335941,nan
864,1745982348.5569694,nan
865,1745982349.5694838,nan
866,1745982350.5908296,nan
867,1745982351.6055253,nan
868,1745982352.6224372,nan
869,1745982353.6464899,nan
870,1745982354.670262,nan
871,1745982355.6956284,nan
872,1745982356.7096717,nan
873,1745982357.72848,nan
874,1745982358.7418854,nan
875,1745982359.8324294,nan
876,1745982360.8576536,nan
877,1745982361.881638,nan
878,1745982362.9076352,nan
879,1745982363.9218206,nan
880,1745982364.9486456,nan
881,1745982365.972682,nan
882,1745982366.9974027,nan
883,1745982368.0143085,nan
884,1745982369.0255291,nan
885,1745982370.054546,nan
886,1745982371.067427,nan
887,1745982372.0919676,nan
888,1745982373.1149428,nan
889,1745982374.126807,nan
890,1745982375.13886,nan
891,1745982376.1651073,nan
892,1745982377.1877503,nan
893,1745982378.2123146,nan
894,1745982379.2385662,nan
895,1745982380.2542226,nan
896,1745982381.2674904,nan
897,1745982382.2931726,nan
898,1745982383.3064091,nan
899,1745982384.3185513,nan
900,1745982385.3489153,nan
901,1745982386.3753128,nan
902,1745982387.3897374,nan
903,1745982388.4052148,nan
904,1745982389.497213,nan
905,1745982390.5093465,nan
906,1745982391.5366986,nan
907,1745982392.5496142,nan
908,1745982393.563347,nan
909,1745982394.5896242,nan
910,1745982395.6156192,nan
911,1745982396.6386864,nan
912,1745982397.6510618,nan
913,1745982398.6640046,nan
914,1745982399.6786144,nan
915,1745982400.702753,nan
916,1745982401.7287605,nan
917,1745982402.7472672,nan
918,1745982403.7714214,nan
919,1745982404.7843163,nan
920,1745982405.8047726,nan
921,1745982406.8175676,nan
922,1745982407.8336158,nan
923,1745982408.849003,nan
924,1745982409.8729227,nan
925,1745982410.8846054,nan
926,1745982411.906687,nan
927,1745982412.9309993,nan
928,1745982413.957406,nan
929,1745982414.985059,nan
930,1745982415.999854,nan
931,1745982417.0267453,nan
932,1745982418.0529006,nan
933,1745982419.1347969,nan
934,1745982420.1478379,nan
935,1745982421.173507,nan
936,1745982422.1967964,nan
937,1745982423.2101583,nan
938,1745982424.221373,nan
939,1745982425.2476993,nan
940,1745982426.2727134,nan
941,1745982427.297028,nan
942,1745982428.32376,nan
943,1745982429.3387766,nan
944,1745982430.36526,nan
945,1745982431.3825393,nan
946,1745982432.4059653,nan
947,1745982433.430087,nan
948,1745982434.4513988,nan
949,1745982435.4719207,nan
950,1745982436.4887788,nan
951,1745982437.5017467,nan
952,1745982438.5287807,nan
953,1745982439.5433798,nan
954,1745982440.5568902,nan
955,1745982441.5751798,nan
956,1745982442.596282,nan
957,1745982443.614084,nan
958,1745982444.6401486,nan
959,1745982445.6684542,nan
960,1745982446.6933749,nan
961,1745982447.7108073,nan
962,1745982448.7336104,nan
963,1745982450.8741436,nan
964,1745982451.8989482,nan
965,1745982452.9140265,nan
966,1745982453.9371533,nan
967,1745982454.9640453,nan
968,1745982455.9819524,nan
969,1745982456.9989839,nan
970,1745982458.0240357,nan
971,1745982459.0470426,nan
972,1745982460.0697722,nan
973,1745982461.089288,nan
974,1745982462.1005924,nan
975,1745982463.1140316,nan
976,1745982464.1294758,nan
977,1745982465.1538072,nan
978,1745982466.173909,nan
979,1745982467.1878428,nan
980,1745982468.2142386,nan
981,1745982469.2396572,nan
982,1745982470.2658334,nan
983,1745982471.292044,nan
984,1745982472.3070319,nan
985,1745982473.3210588,nan
986,1745982473.6113517,279.6926498413086
987,1745982474.6371708,nan
988,1745982475.66955,nan
989,1745982476.6920915,nan
990,1745982477.7068639,nan
991,1745982478.7302752,nan
992,1745982479.7448566,nan
993,1745982480.7691019,nan
994,1745982481.852087,nan
995,1745982482.8721766,nan
996,1745982483.8905513,nan
997,1745982484.9026058,nan
998,1745982485.929599,nan
999,1745982486.955567,nan
1000,1745982487.9820256,nan
1001,1745982488.9931638,nan
1002,1745982490.0136542,nan
1003,1745982491.0329947,nan
1004,1745982492.0547285,nan
1005,1745982493.0775018,nan
1006,1745982494.0896225,nan
1007,1745982495.104992,nan
1008,1745982496.128709,nan
1009,1745982497.1403482,nan
1010,1745982498.1539497,nan
1011,1745982499.1789234,nan
1012,1745982500.2013264,nan
1013,1745982501.224518,nan
1014,1745982502.2501872,nan
1015,1745982503.2717395,nan
1016,1745982504.2866356,nan
1017,1745982505.3122747,nan
1018,1745982506.335982,nan
1019,1745982507.3487434,nan
1020,1745982508.3722253,nan
1021,1745982509.3925345,nan
1022,1745982510.405927,nan
1023,1745982511.4333227,nan
1024,1745982513.580865,nan
1025,1745982514.6035407,nan
1026,1745982515.6164267,nan
1027,1745982516.6356268,nan
1028,1745982517.6475334,nan
1029,1745982518.6605144,nan
1030,1745982519.684593,nan
1031,1745982520.6986005,nan
1032,1745982521.7186387,nan
1033,1745982522.7318301,nan
1034,1745982523.7436874,nan
1035,1745982524.7708485,nan
1036,1745982525.7960417,nan
1037,1745982526.82009,nan
1038,1745982527.8465328,nan
1039,1745982528.8677306,nan
1040,1745982529.8814929,nan
1041,1745982530.892928,nan
1042,1745982531.905983,nan
1043,1745982532.9264839,nan
1044,1745982533.9407477,nan
1045,1745982534.9675672,nan
1046,1745982535.9919925,nan
1047,1745982537.0177708,nan
1048,1745982538.0370076,nan
1049,1745982539.0623417,nan
1050,1745982540.0738356,nan
1051,1745982541.0960984,nan
1052,1745982542.113094,nan
1053,1745982543.2047055,nan
1054,1745982544.2163613,nan
1055,1745982545.2292254,nan
1056,1745982546.2444189,nan
1057,1745982547.2692144,nan
1058,1745982548.2885506,nan
1059,1745982549.3085804,nan
1060,1745982550.3206651,nan
1061,1745982551.3462386,nan
1062,1745982551.637179,280.423641204834
1063,1745982552.6641498,nan
1064,1745982553.6886387,nan
1065,1745982554.713561,nan
1066,1745982555.734907,nan
1067,1745982556.7585657,nan
1068,1745982557.7702744,nan
1069,1745982558.7946262,nan
1070,1745982559.8204284,nan
1071,1745982560.8330345,nan
1072,1745982561.8598795,nan
1073,1745982562.8725345,nan
1074,1745982563.8843114,nan
1075,1745982564.903207,nan
1076,1745982565.9300385,nan
1077,1745982566.954024,nan
1078,1745982567.9678483,nan
1079,1745982568.9802966,nan
1080,1745982569.9924781,nan
1081,1745982571.0035722,nan
1082,1745982572.0255964,nan
1083,1745982574.1606057,nan
1084,1745982575.1853542,nan
1085,1745982576.1969278,nan
1086,1745982577.2199693,nan
1087,1745982578.2429316,nan
1088,1745982579.256001,nan
1089,1745982580.2830071,nan
1090,1745982581.3095956,nan
1091,1745982582.3358805,nan
1092,1745982583.3588452,nan
1093,1745982584.3848233,nan
1094,1745982585.4052536,nan
1095,1745982586.4178555,nan
1096,1745982587.4338243,nan
1097,1745982588.4560761,nan
1098,1745982589.4807928,nan
1099,1745982590.5038412,nan
1100,1745982591.5288043,nan
1101,1745982592.5547428,nan
1102,1745982593.5797424,nan
1103,1745982594.604937,nan
1104,1745982595.6308663,nan
1105,1745982596.642755,nan
1106,1745982597.6562233,nan
1107,1745982598.6809855,nan
1108,1745982599.7064147,nan
1109,1745982600.7284963,nan
1110,1745982601.7549276,nan
1111,1745982602.7802207,nan
1112,1745982603.7938848,nan
1113,1745982605.9187806,nan
1114,1745982606.9418228,nan
1115,1745982607.959678,nan
1116,1745982608.9817948,nan
1117,1745982610.002682,nan
1118,1745982610.289835,276.56054496765137
1119,1745982611.3097088,nan
1120,1745982612.3342059,nan
1121,1745982613.3577313,nan
1122,1745982614.3858051,nan
1123,1745982615.403071,nan
1124,1745982616.4177828,nan
1125,1745982617.444242,nan
1126,1745982618.4677188,nan
1127,1745982619.4888911,nan
1128,1745982620.5152965,nan
1129,1745982621.5386193,nan
1130,1745982622.5625308,nan
1131,1745982623.5878017,nan
1132,1745982624.6137066,nan
1133,1745982625.6389518,nan
1134,1745982626.663628,nan
1135,1745982627.6790292,nan
1136,1745982628.7020965,nan
1137,1745982629.7308776,nan
1138,1745982630.7477014,nan
1139,1745982631.7704635,nan
1140,1745982632.793135,nan
1141,1745982633.819026,nan
1142,1745982634.8456988,nan
1143,1745982636.970784,nan
1144,1745982637.994131,nan
1145,1745982639.0085814,nan
1146,1745982640.0208116,nan
1147,1745982641.0438461,nan
1148,1745982642.0689394,nan
1149,1745982643.0807517,nan
1150,1745982644.1078777,nan
1151,1745982645.1260772,nan
1152,1745982646.138638,nan
1153,1745982647.1554704,nan
1154,1745982648.1799967,nan
1155,1745982649.2009115,nan
1156,1745982650.227167,nan
1157,1745982651.241525,nan
1158,1745982652.263821,nan
1159,1745982653.274638,nan
1160,1745982654.2908828,nan
1161,1745982655.304546,nan
1162,1745982656.3178203,nan
1163,1745982657.3428342,nan
1164,1745982658.3555806,nan
1165,1745982659.3767583,nan
1166,1745982660.402624,nan
1167,1745982661.4149492,nan
1168,1745982662.4265707,nan
1169,1745982663.4497783,nan
1170,1745982664.4763212,nan
1171,1745982665.5019364,nan
1172,1745982666.515302,nan
1173,1745982667.5993838,nan
1174,1745982668.6242907,nan
1175,1745982669.6376653,nan
1176,1745982670.6639862,nan
1177,1745982671.6765876,nan
1178,1745982672.6937566,nan
1179,1745982673.7171705,nan
1180,1745982674.7468271,nan
1181,1745982675.7590632,nan
1182,1745982676.7831845,nan
1183,1745982677.7986145,nan
1184,1745982678.8104827,nan
1185,1745982679.8356845,nan
1186,1745982680.8486974,nan
1187,1745982681.8728886,nan
1188,1745982682.8969407,nan
1189,1745982683.9099576,nan
1190,1745982684.9242775,nan
1191,1745982685.9483507,nan
1192,1745982686.9697516,nan
1193,1745982687.9945655,nan
1194,1745982689.0225093,nan
1195,1745982690.0486395,nan
1196,1745982691.0671027,nan
1197,1745982692.090896,nan
1198,1745982693.1157048,nan
1199,1745982694.1394784,nan
1200,1745982695.1637173,nan
1201,1745982696.1872337,nan
1202,1745982697.272283,nan
1203,1745982698.2862616,nan
1204,1745982699.3110693,nan
1205,1745982700.3324165,nan
1206,1745982701.3463564,nan
1207,1745982702.371496,nan
1208,1745982703.391092,nan
1209,1745982704.4184458,nan
1210,1745982705.4325323,nan
1211,1745982706.4553375,nan
1212,1745982707.4818194,nan
1213,1745982708.506033,nan
1214,1745982709.5183651,nan
1215,1745982710.54055,nan
1216,1745982711.5597215,nan
1217,1745982712.5797935,nan
1218,1745982713.5921555,nan
1219,1745982714.6189768,nan
1220,1745982715.645393,nan
1221,1745982716.671071,nan
1222,1745982717.683547,nan
1223,1745982718.710527,nan
1224,1745982719.735952,nan
1225,1745982720.7483149,nan
1226,1745982721.7737796,nan
1227,1745982722.7975783,nan
1228,1745982723.8158479,nan
1229,1745982724.8410118,nan
1230,1745982725.866953,nan
1231,1745982726.8860242,nan
1232,1745982727.974553,nan
1233,1745982728.9973161,nan
1234,1745982730.0104074,nan
1235,1745982731.0262303,nan
1236,1745982732.0387108,nan
1237,1745982733.0537553,nan
1238,1745982734.0763013,nan
1239,1745982735.0999258,nan
1240,1745982736.12651,nan
1241,1745982737.1498966,nan
1242,1745982738.164492,nan
1243,1745982739.188201,nan
1244,1745982740.2026143,nan
1245,1745982741.2136755,nan
1246,1745982742.234731,nan
1247,1745982743.258446,nan
1248,1745982744.2782373,nan
1249,1745982745.290566,nan
1250,1745982746.3024633,nan
1251,1745982747.31628,nan
1252,1745982748.3418386,nan
1253,1745982749.356217,nan
1254,1745982750.376157,nan
1255,1745982751.3889058,nan
1256,1745982752.401421,nan
1257,1745982753.4229555,nan
1258,1745982754.4467928,nan
1259,1745982755.4685223,nan
1260,1745982756.4813693,nan
1261,1745982757.504747,nan
1262,1745982758.5950587,nan
1263,1745982759.6197658,nan
1264,1745982760.6367314,nan
1265,1745982761.6485133,nan
1266,1745982762.6713026,nan
1267,1745982763.6978083,nan
1268,1745982764.7265525,nan
1269,1745982765.7521088,nan
1270,1745982766.772219,nan
1271,1745982767.7986515,nan
1272,1745982768.814829,nan
1273,1745982769.8402457,nan
1274,1745982770.8539476,nan
1275,1745982771.878852,nan
1276,1745982772.9038813,nan
1277,1745982773.9178603,nan
1278,1745982774.9423375,nan
1279,1745982775.9540792,nan
1280,1745982776.980499,nan
1281,1745982777.9919045,nan
1282,1745982779.0176315,nan
1283,1745982780.0326447,nan
1284,1745982781.0442624,nan
1285,1745982782.0585551,nan
1286,1745982783.0786133,nan
1287,1745982784.104828,nan
1288,1745982785.129252,nan
1289,1745982786.1549993,nan
1290,1745982787.1670175,nan
1291,1745982789.299041,nan
1292,1745982790.317766,nan
1293,1745982791.3431063,nan
1294,1745982792.36684,nan
1295,1745982793.379697,nan
1296,1745982794.4036422,nan
1297,1745982795.4273367,nan
1298,1745982796.4391215,nan
1299,1745982797.453984,nan
1300,1745982798.4785173,nan
1301,1745982799.502672,nan
1302,1745982800.5250652,nan
1303,1745982801.5442152,nan
1304,1745982802.560588,nan
1305,1745982803.574815,nan
1306,1745982804.5962946,nan
1307,1745982805.6177547,nan
1308,1745982806.6405346,nan
1309,1745982807.6527693,nan
1310,1745982808.6786623,nan
1311,1745982809.7049603,nan
1312,1745982810.7199667,nan
1313,1745982811.7347658,nan
1314,1745982812.7538862,nan
1315,1745982813.7775877,nan
1316,1745982814.7987702,nan
1317,1745982815.821271,nan
1318,1745982816.837333,nan
1319,1745982817.849549,nan
1320,1745982818.872642,nan
1321,1745982819.9611108,nan
1322,1745982820.9854598,nan
1323,1745982822.010817,nan
1324,1745982823.033622,nan
1325,1745982824.0489876,nan
1326,1745982825.0719686,nan
1327,1745982826.0929084,nan
1328,1745982827.106747,nan
1329,1745982828.1285176,nan
1330,1745982829.1407902,nan
1331,1745982830.1656637,nan
1332,1745982831.1807334,nan
1333,1745982832.1936247,nan
1334,1745982833.212697,nan
1335,1745982834.2338357,nan
1336,1745982835.256885,nan
1337,1745982836.280239,nan
1338,1745982837.3056102,nan
1339,1745982838.3288443,nan
1340,1745982839.3552723,nan
1341,1745982840.3798609,nan
1342,1745982841.3928213,nan
1343,1745982842.4054182,nan
1344,1745982843.4299345,nan
1345,1745982844.4559016,nan
1346,1745982845.4812229,nan
1347,1745982846.5026703,nan
1348,1745982847.5265117,nan
1349,1745982848.5515916,nan
1350,1745982849.5761569,nan
1351,1745982851.7276073,nan
1352,1745982852.7402563,nan
1353,1745982853.7625754,nan
1354,1745982854.7875824,nan
1355,1745982855.8128142,nan
1356,1745982856.8393066,nan
1357,1745982857.8639715,nan
1358,1745982858.8893685,nan
1359,1745982859.9142334,nan
1360,1745982860.936316,nan
1361,1745982861.9597855,nan
1362,1745982862.9811902,nan
1363,1745982863.9955306,nan
1364,1745982865.0185993,nan
1365,1745982866.035694,nan
1366,1745982867.0586119,nan
1367,1745982868.0802572,nan
1368,1745982869.102359,nan
1369,1745982870.1288865,nan
1370,1745982871.1407492,nan
1371,1745982872.1645846,nan
1372,1745982873.1852765,nan
1373,1745982874.208475,nan
1374,1745982875.2204237,nan
1375,1745982876.2411168,nan
1376,1745982877.2621396,nan
1377,1745982878.2863512,nan
1378,1745982879.30197,nan
1379,1745982880.3261917,nan
1380,1745982881.4137232,nan
1381,1745982882.433754,nan
1382,1745982883.4575918,nan
1383,1745982884.484972,nan
1384,1745982885.5115955,nan
1385,1745982886.5243933,nan
1386,1745982887.5367985,nan
1387,1745982888.5531678,nan
1388,1745982889.5783951,nan
1389,1745982890.5960102,nan
1390,1745982891.6195738,nan
1391,1745982892.6439807,nan
1392,1745982893.6638288,nan
1393,1745982894.6767986,nan
1394,1745982895.701272,nan
1395,1745982896.7283707,nan
1396,1745982897.7416115,nan
1397,1745982898.7633471,nan
1398,1745982899.7839055,nan
1399,1745982900.797737,nan
1400,1745982901.8219168,nan
1401,1745982902.8455987,nan
1402,1745982903.8606935,nan
1403,1745982904.8718412,nan
1404,1745982905.8873742,nan
1405,1745982906.8988771,nan
1406,1745982907.9254303,nan
1407,1745982908.9385011,nan
1408,1745982909.9633286,nan
1409,1745982912.0764842,nan
1410,1745982913.089994,nan
1411,1745982914.1175394,nan
1412,1745982915.1404881,nan
1413,1745982916.1549952,nan
1414,1745982917.1791062,nan
1415,1745982918.2048533,nan
1416,1745982919.221817,nan
1417,1745982920.2467484,nan
1418,1745982921.2684968,nan
1419,1745982922.2941892,nan
1420,1745982923.3216088,nan
1421,1745982924.3475897,nan
1422,1745982925.371893,nan
1423,1745982926.395545,nan
1424,1745982927.4218829,nan
1425,1745982928.435529,nan
1426,1745982929.4604356,nan
1427,1745982930.4741254,nan
1428,1745982931.4893825,nan
1429,1745982932.5043726,nan
1430,1745982933.5245743,nan
1431,1745982934.5510178,nan
1432,1745982935.5769432,nan
1433,1745982936.599786,nan
1434,1745982937.625669,nan
1435,1745982938.6496174,nan
1436,1745982939.6727371,nan
1437,1745982940.6964817,nan
1438,1745982941.7187533,nan
1439,1745982942.8004675,nan
1440,1745982943.824666,nan
1441,1745982944.8384352,nan
1442,1745982945.8648028,nan
1443,1745982946.888669,nan
1444,1745982947.914698,nan
1445,1745982948.925879,nan
1446,1745982949.9514422,nan
1447,1745982950.9760745,nan
1448,1745982952.0024643,nan
1449,1745982953.0195699,nan
1450,1745982954.033785,nan
1451,1745982955.058719,nan
1452,1745982956.0810637,nan
1453,1745982957.105741,nan
1454,1745982958.127372,nan
1455,1745982959.1545389,nan
1456,1745982960.1790326,nan
1457,1745982961.194321,nan
1458,1745982962.212224,nan
1459,1745982963.2361605,nan
1460,1745982964.258866,nan
1461,1745982965.2707498,nan
1462,1745982966.2819664,nan
1463,1745982967.3069701,nan
1464,1745982968.3331988,nan
1465,1745982969.3542147,nan
1466,1745982970.3766103,nan
1467,1745982971.388788,nan
1468,1745982972.4826038,nan
1469,1745982973.5084765,nan
1470,1745982974.5268881,nan
1471,1745982975.5403242,nan
1472,1745982976.552281,nan
1473,1745982977.5758455,nan
1474,1745982978.5945375,nan
1475,1745982979.6198528,nan
1476,1745982980.6366355,nan
1477,1745982981.661955,nan
1478,1745982982.685895,nan
1479,1745982983.7094579,nan
1480,1745982984.7312627,nan
1481,1745982985.7552373,nan
1482,1745982986.7682781,nan
1483,1745982987.7925851,nan
1484,1745982988.8065746,nan
1485,1745982989.8362055,nan
1486,1745982990.8536255,nan
1487,1745982991.86677,nan
1488,1745982992.8934648,nan
1489,1745982993.916997,nan
1490,1745982994.9415529,nan
1491,1745982995.967241,nan
1492,1745982996.9835765,nan
1493,1745982998.0067625,nan
1494,1745982999.0334313,nan
1495,1745983000.053631,nan
1496,1745983001.0644732,nan
1497,1745983002.1495965,nan
1498,1745983003.1629455,nan
1499,1745983004.1889896,nan
1500,1745983005.2017827,nan
1501,1745983006.212791,nan
1502,1745983007.2369616,nan
1503,1745983008.24974,nan
1504,1745983009.2620664,nan
1505,1745983010.2754526,nan
1506,1745983011.3025982,nan
1507,1745983012.3227677,nan
1508,1745983013.3456087,nan
1509,1745983014.3678248,nan
1510,1745983015.3915088,nan
1511,1745983016.4036438,nan
1512,1745983017.4200346,nan
1513,1745983018.4456093,nan
1514,1745983019.4671457,nan
1515,1745983020.479531,nan
1516,1745983021.5058753,nan
1517,1745983022.5257094,nan
1518,1745983023.537565,nan
1519,1745983024.5517519,nan
1520,1745983025.5725176,nan
1521,1745983026.584624,nan
1522,1745983027.609564,nan
1523,1745983028.6337252,nan
1524,1745983029.6469479,nan
1525,1745983030.6721678,nan
1526,1745983031.6996243,nan
1527,1745983032.7857966,nan
1528,1745983033.8056467,nan
1529,1745983034.8273244,nan
1530,1745983035.838776,nan
1531,1745983036.8543649,nan
1532,1745983037.8779805,nan
1533,1745983038.8977644,nan
1534,1745983039.9207726,nan
1535,1745983040.9455495,nan
1536,1745983041.9704945,nan
1537,1745983042.997476,nan
1538,1745983044.0097134,nan
1539,1745983045.023276,nan
1540,1745983046.0368817,nan
1541,1745983047.0616474,nan
1542,1745983048.0864422,nan
1543,1745983049.111811,nan
1544,1745983050.1376898,nan
1545,1745983051.1600964,nan
1546,1745983052.1829705,nan
1547,1745983053.2065403,nan
1548,1745983054.2324252,nan
1549,1745983055.2555308,nan
1550,1745983056.2757595,nan
1551,1745983057.3003907,nan
1552,1745983058.3143091,nan
1553,1745983059.3367512,nan
1554,1745983060.360643,nan
1555,1745983061.3864925,nan
1556,1745983063.5463233,nan
1557,1745983064.5612926,nan
1558,1745983065.588501,nan
1559,1745983066.6092923,nan
1560,1745983067.622869,nan
1561,1745983068.6402943,nan
1562,1745983069.662896,nan
1563,1745983070.6865563,nan
1564,1745983071.7006006,nan
1565,1745983072.7135417,nan
1566,1745983073.7387443,nan
1567,1745983074.7616498,nan
1568,1745983075.7856479,nan
1569,1745983076.808599,nan
1570,1745983077.8227828,nan
1571,1745983078.834152,nan
1572,1745983079.8578591,nan
1573,1745983080.8833284,nan
1574,1745983081.9038498,nan
1575,1745983082.9293983,nan
1576,1745983083.9457572,nan
1577,1745983084.9630554,nan
1578,1745983085.983808,nan
1579,1745983086.9959474,nan
1580,1745983088.0215747,nan
1581,1745983089.0345914,nan
1582,1745983090.0576077,nan
1583,1745983091.0766778,nan
1584,1745983092.10124,nan
1585,1745983093.2226615,nan
1586,1745983094.2509286,nan
1587,1745983095.2655754,nan
1588,1745983096.290593,nan
1589,1745983097.315323,nan
1590,1745983098.3359842,nan
1591,1745983099.347896,nan
1592,1745983100.3698788,nan
1593,1745983101.3823493,nan
1594,1745983102.39577,nan
1595,1745983103.4185429,nan
1596,1745983104.439899,nan
1597,1745983105.4635222,nan
1598,1745983106.4882228,nan
1599,1745983107.512154,nan
1600,1745983108.5271595,nan
1601,1745983109.5560594,nan
1602,1745983110.568104,nan
1603,1745983111.5915022,nan
1604,1745983112.6124191,nan
1605,1745983113.6354454,nan
1606,1745983114.6621883,nan
1607,1745983115.687135,nan
1608,1745983116.7084703,nan
1609,1745983117.7338047,nan
1610,1745983118.7459295,nan
1611,1745983119.7714956,nan
1612,1745983120.7868617,nan
1613,1745983121.811858,nan
1614,1745983122.8254108,nan
1615,1745983123.913663,nan
1616,1745983124.9364333,nan
1617,1745983125.9489977,nan
1618,1745983126.961336,nan
1619,1745983127.986876,nan
1620,1745983128.9983797,nan
1621,1745983130.0237563,nan
1622,1745983131.0491984,nan
1623,1745983132.0717773,nan
1624,1745983133.0964653,nan
1625,1745983134.1103256,nan
1626,1745983135.1318922,nan
1627,1745983136.1434736,nan
1628,1745983137.1664147,nan
1629,1745983138.1866524,nan
1630,1745983139.2015488,nan
1631,1745983140.2276576,nan
1632,1745983141.242544,nan
1633,1745983142.2658098,nan
1634,1745983143.2932343,nan
1635,1745983144.3189769,nan
1636,1745983145.3453448,nan
1637,1745983146.3678792,nan
1638,1745983147.3932312,nan
1639,1745983148.4096477,nan
1640,1745983149.4359727,nan
1641,1745983150.4484534,nan
1642,1745983151.460472,nan
1643,1745983152.482678,nan
1644,1745983153.5106323,nan
1645,1745983155.6540833,nan
1646,1745983156.6666555,nan
1647,1745983157.6788871,nan
1648,1745983158.690951,nan
1649,1745983159.7056456,nan
1650,1745983160.733835,nan
1651,1745983161.7594507,nan
1652,1745983162.7718303,nan
1653,1745983163.7964902,nan
1654,1745983164.8194404,nan
1655,1745983165.8321486,nan
1656,1745983166.8576758,nan
1657,1745983167.8712173,nan
1658,1745983168.894502,nan
1659,1745983169.9068909,nan
1660,1745983170.9268663,nan
1661,1745983171.9487522,nan
1662,1745983172.9620407,nan
1663,1745983173.9747863,nan
1664,1745983175.0009792,nan
1665,1745983176.0258589,nan
1666,1745983177.0509417,nan
1667,1745983178.0736885,nan
1668,1745983179.0853333,nan
1669,1745983180.1121483,nan
1670,1745983181.1377244,nan
1671,1745983182.16332,nan
1672,1745983183.1800268,nan
1673,1745983184.2030823,nan
1674,1745983185.3054602,nan
1675,1745983186.318301,nan
1676,1745983187.3338063,nan
1677,1745983188.3556638,nan
1678,1745983189.3696196,nan
1679,1745983190.3818343,nan
1680,1745983191.3928902,nan
1681,1745983192.417793,nan
1682,1745983193.4293005,nan
1683,1745983194.4557805,nan
1684,1745983195.4709003,nan
1685,1745983196.4926226,nan
1686,1745983197.5053425,nan
1687,1745983198.5206316,nan
1688,1745983199.5465853,nan
1689,1745983200.5684915,nan
1690,1745983201.585333,nan
1691,1745983202.6044488,nan
1692,1745983203.630492,nan
1693,1745983204.6554635,nan
1694,1745983205.6807053,nan
1695,1745983206.6923978,nan
1696,1745983207.71659,nan
1697,1745983208.7289393,nan
1698,1745983209.754337,nan
1699,1745983210.7805018,nan
1700,1745983211.8056755,nan
1701,1745983212.8284392,nan
1702,1745983213.8529308,nan
1703,1745983214.877467,nan
1704,1745983215.9686618,nan
1705,1745983216.980978,nan
1706,1745983217.9922364,nan
1707,1745983219.0039196,nan
1708,1745983220.017529,nan
1709,1745983221.030187,nan
1710,1745983222.0443115,nan
1711,1745983223.066381,nan
1712,1745983224.0929825,nan
1713,1745983225.1126568,nan
1714,1745983226.1408033,nan
1715,1745983227.1534777,nan
1716,1745983228.176284,nan
1717,1745983229.1995401,nan
1718,1745983230.2237775,nan
1719,1745983231.2508793,nan
1720,1745983232.2629619,nan
1721,1745983233.2878895,nan
1722,1745983234.3128753,nan
1723,1745983235.3372815,nan
1724,1745983236.35008,nan
1725,1745983237.3636076,nan
1726,1745983238.3754447,nan
1727,1745983239.3894887,nan
1728,1745983240.4156928,nan
1729,1745983241.4416583,nan
1730,1745983242.462958,nan
1731,1745983243.4889565,nan
1732,1745983244.5019033,nan
1733,1745983245.5237288,nan
1734,1745983246.6455429,nan
1735,1745983247.6609147,nan
1736,1745983248.6833239,nan
1737,1745983249.70102,nan
1738,1745983250.7156913,nan
1739,1745983251.7413673,nan
1740,1745983252.7560425,nan
1741,1745983253.773386,nan
1742,1745983254.789059,nan
1743,1745983255.8007393,nan
1744,1745983256.8296196,nan
1745,1745983257.8536167,nan
1746,1745983258.8796196,nan
1747,1745983259.899618,nan
1748,1745983260.9263794,nan
1749,1745983261.9384062,nan
1750,1745983262.952762,nan
1751,1745983263.9789932,nan
1752,1745983264.9918294,nan
1753,1745983266.0105176,nan
1754,1745983267.023109,nan
1755,1745983268.0369978,nan
1756,1745983269.0603855,nan
1757,1745983270.086947,nan
1758,1745983271.1089125,nan
1759,1745983272.1209211,nan
1760,1745983273.1341865,nan
1761,1745983274.148852,nan
1762,1745983275.175751,nan
1763,1745983277.299358,nan
1764,1745983278.3230677,nan
1765,1745983279.3342304,nan
1766,1745983280.3454838,nan
1767,1745983281.3710375,nan
1768,1745983282.3848372,nan
1769,1745983283.4077919,nan
1770,1745983284.4315786,nan
1771,1745983285.445633,nan
1772,1745983286.4672596,nan
1773,1745983287.479861,nan
1774,1745983288.5042124,nan
1775,1745983289.5298936,nan
1776,1745983290.5531657,nan
1777,1745983291.5755613,nan
1778,1745983292.594332,nan
1779,1745983293.6109562,nan
1780,1745983294.6254742,nan
1781,1745983295.6508095,nan
1782,1745983296.6768477,nan
1783,1745983297.7025354,nan
1784,1745983298.7155707,nan
1785,1745983299.7386065,nan
1786,1745983300.7510116,nan
1787,1745983301.7766962,nan
1788,1745983302.8016653,nan
1789,1745983303.8272376,nan
1790,1745983304.84847,nan
1791,1745983305.8687196,nan
1792,1745983306.880791,nan
1793,1745983307.968426,nan
1794,1745983308.9796739,nan
1795,1745983310.005257,nan
1796,1745983311.018175,nan
1797,1745983312.0293036,nan
1798,1745983313.0452583,nan
1799,1745983314.0580156,nan
1800,1745983315.0854137,nan
1801,1745983316.1155105,nan
1802,1745983317.1283097,nan
1803,1745983318.1537156,nan
1804,1745983319.1766279,nan
1805,1745983320.2017896,nan
1806,1745983321.223693,nan
1807,1745983322.2444913,nan
1808,1745983323.2677822,nan
1809,1745983324.2805433,nan
1810,1745983325.3055499,nan
1811,1745983326.3290446,nan
1812,1745983327.3419256,nan
1813,1745983328.3589766,nan
1814,1745983329.3725696,nan
1815,1745983330.3912401,nan
1816,1745983331.41913,nan
1817,1745983332.4437141,nan
1818,1745983333.4678125,nan
1819,1745983334.4821038,nan
1820,1745983335.502653,nan
1821,1745983336.5190232,nan
1822,1745983337.5443974,nan
1823,1745983339.6740453,nan
1824,1745983340.6928077,nan
1825,1745983341.7074986,nan
1826,1745983342.7218645,nan
1827,1745983343.742816,nan
1828,1745983344.7555566,nan
1829,1745983345.7808714,nan
1830,1745983346.8051372,nan
1831,1745983347.8256936,nan
1832,1745983348.850032,nan
1833,1745983349.8622267,nan
1834,1745983350.8887444,nan
1835,1745983351.906776,nan
1836,1745983352.9334385,nan
1837,1745983353.9589233,nan
1838,1745983354.9818304,nan
1839,1745983356.0006356,nan
1840,1745983357.0255113,nan
1841,1745983358.0493445,nan
1842,1745983359.0623167,nan
1843,1745983360.0883934,nan
1844,1745983361.1144035,nan
1845,1745983362.1270206,nan
1846,1745983363.1382565,nan
1847,1745983364.1656957,nan
1848,1745983365.1893091,nan
1849,1745983366.2115922,nan
1850,1745983367.2254925,nan
1851,1745983368.2478464,nan
1852,1745983369.3364446,nan
1853,1745983370.3606474,nan
1854,1745983371.3869348,nan
1855,1745983372.4125857,nan
1856,1745983373.4367917,nan
1857,1745983374.4607737,nan
1858,1745983375.4839573,nan
1859,1745983376.508394,nan
1860,1745983377.530917,nan
1861,1745983378.5423737,nan
1862,1745983379.5645254,nan
1863,1745983380.585734,nan
1864,1745983381.5986629,nan
1865,1745983382.61963,nan
1866,1745983383.631904,nan
1867,1745983384.6456597,nan
1868,1745983385.6590047,nan
1869,1745983386.6818771,nan
1870,1745983387.6955273,nan
1871,1745983388.719217,nan
1872,1745983389.738805,nan
1873,1745983390.7656045,nan
1874,1745983391.779642,nan
1875,1745983392.7941437,nan
1876,1745983393.8188972,nan
1877,1745983394.8439646,nan
1878,1745983395.8667467,nan
1879,1745983396.8913426,nan
1880,1745983397.9055562,nan
1881,1745983398.9253812,nan
1882,1745983401.0580158,nan
1883,1745983402.081572,nan
1884,1745983403.1075566,nan
1885,1745983404.1226034,nan
1886,1745983405.1405628,nan
1887,1745983406.1701007,nan
1888,1745983407.1825497,nan
1889,1745983408.1954284,nan
1890,1745983409.2210453,nan
1891,1745983410.2465713,nan
1892,1745983411.2667754,nan
1893,1745983412.2821152,nan
1894,1745983413.3067036,nan
1895,1745983414.3189502,nan
1896,1745983415.330679,nan
1897,1745983416.351426,nan
1898,1745983417.3674002,nan
1899,1745983418.3920221,nan
1900,1745983419.4185357,nan
1901,1745983420.4313395,nan
1902,1745983421.4544353,nan
1903,1745983422.466613,nan
1904,1745983423.4823732,nan
1905,1745983424.5093176,nan
1906,1745983425.5215485,nan
1907,1745983426.53533,nan
1908,1745983427.5609088,nan
1909,1745983428.587014,nan
1910,1745983429.6129093,nan
1911,1745983430.6394277,nan
1912,1745983431.7626586,nan
1913,1745983432.778064,nan
1914,1745983433.804069,nan
1915,1745983434.8196409,nan
1916,1745983435.8464973,nan
1917,1745983436.8703523,nan
1918,1745983437.895472,nan
1919,1745983438.9070606,nan
1920,1745983439.929648,nan
1921,1745983440.9435327,nan
1922,1745983441.9552863,nan
1923,1745983442.9794152,nan
1924,1745983443.998019,nan
1925,1745983445.0219452,nan
1926,1745983446.036594,nan
1927,1745983447.0487905,nan
1928,1745983448.0605385,nan
1929,1745983449.0805483,nan
1930,1745983450.1046062,nan
1931,1745983451.1255484,nan
1932,1745983452.1372125,nan
1933,1745983453.1499047,nan
1934,1745983454.174634,nan
1935,1745983455.187416,nan
1936,1745983456.1988955,nan
1937,1745983457.2218833,nan
1938,1745983458.2407336,nan
1939,1745983459.2656908,nan
1940,1745983460.2913988,nan
1941,1745983461.3779426,nan
1942,1745983462.3966975,nan
1943,1745983463.422049,nan
1944,1745983464.4423766,nan
1945,1745983465.4653502,nan
1946,1745983466.4921412,nan
1947,1745983467.5185986,nan
1948,1745983468.5360777,nan
1949,1745983469.548905,nan
1950,1745983470.5686316,nan
1951,1745983471.5945454,nan
1952,1745983472.6087139,nan
1953,1745983473.6223202,nan
1954,1745983474.6453645,nan
1955,1745983475.6721306,nan
1956,1745983476.6921504,nan
1957,1745983477.7174115,nan
1958,1745983478.7300994,nan
1959,1745983479.7555013,nan
1960,1745983480.7820137,nan
1961,1745983481.807975,nan
1962,1745983482.8328362,nan
1963,1745983483.8468862,nan
1964,1745983484.8704603,nan
1965,1745983485.8938513,nan
1966,1745983486.9180245,nan
1967,1745983487.9436643,nan
1968,1745983488.958663,nan
1969,1745983489.9795573,nan
1970,1745983491.0704894,nan
1971,1745983492.0834491,nan
1972,1745983493.0956485,nan
1973,1745983494.1146002,nan
1974,1745983495.1415772,nan
1975,1745983496.16255,nan
1976,1745983497.1888907,nan
1977,1745983498.2154007,nan
1978,1745983499.2414122,nan
1979,1745983500.253814,nan
1980,1745983501.2707136,nan
1981,1745983502.284164,nan
1982,1745983503.308196,nan
1983,1745983504.321185,nan
1984,1745983505.335717,nan
1985,1745983506.349969,nan
1986,1745983507.3769505,nan
1987,1745983508.398177,nan
1988,1745983509.423449,nan
1989,1745983510.4485831,nan
1990,1745983511.4747305,nan
1991,1745983512.4964902,nan
1992,1745983513.519652,nan
1993,1745983514.534474,nan
1994,1745983515.5465705,nan
1995,1745983516.5736482,nan
1996,1745983517.5972188,nan
1997,1745983518.6095161,nan
1998,1745983519.6228685,nan
1999,1745983520.6490116,nan
2000,1745983521.7339246,nan
2001,1745983522.7605586,nan
2002,1745983523.7821314,nan
2003,1745983524.7937403,nan
2004,1745983525.8175142,nan
2005,1745983526.8439932,nan
2006,1745983527.8690963,nan
2007,1745983528.882098,nan
2008,1745983529.9116147,nan
2009,1745983530.9250872,nan
2010,1745983531.9390433,nan
2011,1745983532.9519384,nan
2012,1745983533.9666922,nan
2013,1745983534.9923706,nan
2014,1745983536.016749,nan
2015,1745983537.0337152,nan
2016,1745983538.0501318,nan
2017,1745983539.0753875,nan
2018,1745983540.100375,nan
2019,1745983541.1132295,nan
2020,1745983542.1394913,nan
2021,1745983543.152558,nan
2022,1745983544.180192,nan
2023,1745983545.2068126,nan
2024,1745983546.232093,nan
2025,1745983547.2488105,nan
2026,1745983548.2725558,nan
2027,1745983549.297165,nan
2028,1745983550.3205414,nan
2029,1745983551.4034827,nan
2030,1745983552.4295242,nan
2031,1745983553.4541302,nan
2032,1745983554.4781742,nan
2033,1745983555.492838,nan
2034,1745983556.508345,nan
2035,1745983557.5355654,nan
2036,1745983558.5495186,nan
2037,1745983559.5621388,nan
2038,1745983560.5872436,nan
2039,1745983561.6122482,nan
2040,1745983562.6347048,nan
2041,1745983563.6587396,nan
2042,1745983564.6796844,nan
2043,1745983565.703212,nan
2044,1745983566.7159255,nan
2045,1745983567.7290614,nan
2046,1745983568.7484148,nan
2047,1745983569.7625275,nan
2048,1745983570.7894428,nan
2049,1745983571.8033729,nan
2050,1745983572.8268418,nan
2051,1745983573.842214,nan
2052,1745983574.8664668,nan
2053,1745983575.891141,nan
2054,1745983576.9123664,nan
2055,1745983577.9243684,nan
2056,1745983578.9490726,nan
2057,1745983579.9653478,nan
2058,1745983581.051198,nan
2059,1745983582.0751295,nan
2060,1745983583.0900464,nan
2061,1745983584.1112418,nan
2062,1745983585.1319246,nan
2063,1745983586.1452675,nan
2064,1745983587.1675348,nan
2065,1745983588.192024,nan
2066,1745983589.2224677,nan
2067,1745983590.2455387,nan
2068,1745983591.2702408,nan
2069,1745983592.2899678,nan
2070,1745983593.3115392,nan
2071,1745983594.325916,nan
2072,1745983595.3492723,nan
2073,1745983596.3751924,nan
2074,1745983597.3987439,nan
2075,1745983598.4187717,nan
2076,1745983599.4441128,nan
2077,1745983600.4695761,nan
2078,1745983601.482638,nan
2079,1745983602.4944663,nan
2080,1745983603.5152848,nan
2081,1745983604.5424008,nan
2082,1745983604.8323276,279.449462890625
2083,1745983605.8482416,nan
2084,1745983606.8636045,nan
2085,1745983607.8874903,nan
2086,1745983608.9111154,nan
2087,1745983609.9304335,nan
2088,1745983610.9544675,nan
2089,1745983612.040303,nan
2090,1745983613.056713,nan
2091,1745983614.0829926,nan
2092,1745983615.10891,nan
2093,1745983616.1290495,nan
2094,1745983617.1544607,nan
2095,1745983618.1800811,nan
2096,1745983619.2096176,nan
2097,1745983620.2334116,nan
2098,1745983621.259266,nan
2099,1745983622.275173,nan
2100,1745983623.2910933,nan
2101,1745983624.3077168,nan
2102,1745983625.321308,nan
2103,1745983626.3439088,nan
2104,1745983627.364535,nan
2105,1745983628.3795252,nan
2106,1745983629.3922946,nan
2107,1745983630.419359,nan
2108,1745983631.433688,nan
2109,1745983632.4488473,nan
2110,1745983633.4612157,nan
2111,1745983634.4892771,nan
2112,1745983635.502424,nan
2113,1745983636.5251794,nan
2114,1745983637.5496886,nan
2115,1745983638.5613863,nan
2116,1745983639.5814767,nan
2117,1745983640.6044157,nan
2118,1745983641.6162183,nan
2119,1745983642.704549,nan
2120,1745983643.7212787,nan
2121,1745983644.7455177,nan
2122,1745983645.7721725,nan
2123,1745983646.7855847,nan
2124,1745983647.8112369,nan
2125,1745983648.8254967,nan
2126,1745983649.852997,nan
2127,1745983650.8793485,nan
2128,1745983651.895453,nan
2129,1745983652.9108624,nan
2130,1745983653.9225104,nan
2131,1745983654.934318,nan
2132,1745983655.9472108,nan
2133,1745983656.9627776,nan
2134,1745983657.9886038,nan
2135,1745983659.0152035,nan
2136,1745983660.0277207,nan
2137,1745983661.0510633,nan
2138,1745983662.0680478,nan
2139,1745983663.0913072,nan
2140,1745983664.1237438,nan
2141,1745983665.145255,nan
2142,1745983666.161865,nan
2143,1745983667.1878788,nan
2144,1745983668.2109203,nan
2145,1745983669.2365143,nan
2146,1745983670.2633097,nan
2147,1745983671.2782812,nan
2148,1745983673.397252,nan
2149,1745983674.4112167,nan
2150,1745983675.4352934,nan
2151,1745983676.4522862,nan
2152,1745983677.4651952,nan
2153,1745983678.4914658,nan
2154,1745983679.5065987,nan
2155,1745983680.5183709,nan
2156,1745983681.5443082,nan
2157,1745983682.5682802,nan
2158,1745983683.5918381,nan
2159,1745983684.6135676,nan
2160,1745983685.6387181,nan
2161,1745983686.6522307,nan
2162,1745983687.6776204,nan
2163,1745983688.6907294,nan
2164,1745983689.71696,nan
2165,1745983690.740443,nan
2166,1745983691.7543542,nan
2167,1745983692.7685645,nan
2168,1745983693.7815967,nan
2169,1745983694.8107166,nan
2170,1745983695.8368566,nan
2171,1745983696.8507154,nan
2172,1745983697.8629236,nan
2173,1745983698.88282,nan
2174,1745983699.8962421,nan
2175,1745983700.9226801,nan
2176,1745983701.9349859,nan
2177,1745983703.022561,nan
2178,1745983704.0486462,nan
2179,1745983705.0720048,nan
2180,1745983706.0962343,nan
2181,1745983707.1214752,nan
2182,1745983708.1431046,nan
2183,1745983709.1643898,nan
2184,1745983710.1768546,nan
2185,1745983711.1967688,nan
2186,1745983712.2195039,nan
2187,1745983713.2336159,nan
2188,1745983714.2480416,nan
2189,1745983715.2731907,nan
2190,1745983716.2966619,nan
2191,1745983717.323599,nan
2192,1745983718.3482502,nan
2193,1745983719.3695502,nan
2194,1745983720.3952694,nan
2195,1745983721.4087567,nan
2196,1745983722.432777,nan
2197,1745983723.4583452,nan
2198,1745983724.485373,nan
2199,1745983725.499385,nan
2200,1745983726.5237782,nan
2201,1745983727.5374088,nan
2202,1745983728.5623353,nan
2203,1745983729.581218,nan
2204,1745983730.5955994,nan
2205,1745983731.622163,nan
2206,1745983732.634464,nan
2207,1745983733.7104335,nan
2208,1745983734.722613,nan
2209,1745983735.735619,nan
2210,1745983736.7483966,nan
2211,1745983737.7726364,nan
2212,1745983738.7962925,nan
2213,1745983739.8228896,nan
2214,1745983740.837528,nan
2215,1745983741.864655,nan
2216,1745983742.8862462,nan
2217,1745983743.9132342,nan
2218,1745983744.9367082,nan
2219,1745983745.9506302,nan
2220,1745983746.9666097,nan
2221,1745983747.9806898,nan
2222,1745983748.9937367,nan
2223,1745983750.0080764,nan
2224,1745983751.0345685,nan
2225,1745983752.060765,nan
2226,1745983753.073983,nan
2227,1745983754.1009011,nan
2228,1745983755.1152935,nan
2229,1745983756.1399884,nan
2230,1745983757.1638904,nan
2231,1745983758.1892424,nan
2232,1745983759.20081,nan
2233,1745983760.226731,nan
2234,1745983761.2402787,nan
2235,1745983762.2521985,nan
2236,1745983763.3440163,nan
2237,1745983764.3569038,nan
2238,1745983765.3707507,nan
2239,1745983766.395696,nan
2240,1745983767.4106264,nan
2241,1745983768.437622,nan
2242,1745983769.451623,nan
2243,1745983770.473599,nan
2244,1745983771.48553,nan
2245,1745983772.5081828,nan
2246,1745983773.5320575,nan
2247,1745983774.5453005,nan
2248,1745983775.560672,nan
2249,1745983776.5736494,nan
2250,1745983777.588577,nan
2251,1745983778.6047003,nan
2252,1745983779.6268215,nan
2253,1745983780.6401694,nan
2254,1745983781.6651947,nan
2255,1745983782.6777015,nan
2256,1745983783.6895707,nan
2257,1745983784.7184181,nan
2258,1745983785.7404284,nan
2259,1745983786.7534964,nan
2260,1745983787.771138,nan
2261,1745983788.786367,nan
2262,1745983789.8106418,nan
2263,1745983790.823135,nan
2264,1745983791.8356814,nan
2265,1745983792.863077,nan
2266,1745983793.9525712,nan
2267,1745983794.9655683,nan
2268,1745983795.9794765,nan
2269,1745983796.9930625,nan
2270,1745983798.007797,nan
2271,1745983799.0275843,nan
2272,1745983800.0417106,nan
2273,1745983801.065312,nan
2274,1745983802.0891025,nan
2275,1745983803.101388,nan
2276,1745983804.127439,nan
2277,1745983805.1497374,nan
2278,1745983806.1633315,nan
2279,1745983807.1780167,nan
2280,1745983808.195238,nan
2281,1745983809.2164383,nan
2282,1745983810.2377546,nan
2283,1745983811.26167,nan
2284,1745983812.2783248,nan
2285,1745983813.2984262,nan
2286,1745983814.3269653,nan
2287,1745983815.3506937,nan
2288,1745983816.3640265,nan
2289,1745983817.3768952,nan
2290,1745983818.4028895,nan
2291,1745983819.4231143,nan
2292,1745983820.435664,nan
2293,1745983821.4492931,nan
2294,1745983822.4689975,nan
2295,1745983823.4964666,nan
2296,1745983825.6317875,nan
2297,1745983826.6466348,nan
2298,1745983827.669539,nan
2299,1745983828.6883764,nan
2300,1745983829.7142332,nan
2301,1745983830.737532,nan
2302,1745983831.7487779,nan
2303,1745983832.7752447,nan
2304,1745983833.7873244,nan
2305,1745983834.7996569,nan
2306,1745983835.8219204,nan
2307,1745983836.8483205,nan
2308,1745983837.869232,nan
2309,1745983838.8942063,nan
2310,1745983839.9178138,nan
2311,1745983840.938516,nan
2312,1745983841.9641318,nan
2313,1745983842.9756305,nan
2314,1745983843.995824,nan
2315,1745983845.01851,nan
2316,1745983846.0454104,nan
2317,1745983847.0673304,nan
2318,1745983848.0881908,nan
2319,1745983849.111239,nan
2320,1745983850.1257033,nan
2321,1745983851.1480508,nan
2322,1745983852.172538,nan
2323,1745983853.1985662,nan
2324,1745983854.2215612,nan
2325,1745983855.3083181,nan
2326,1745983856.32101,nan
2327,1745983857.3333359,nan
2328,1745983858.3453355,nan
2329,1745983859.3659337,nan
2330,1745983860.3892202,nan
2331,1745983861.4125755,nan
2332,1745983862.4375072,nan
2333,1745983863.461319,nan
2334,1745983864.4779027,nan
2335,1745983865.4897578,nan
2336,1745983866.5019975,nan
2337,1745983867.5212011,nan
2338,1745983868.5456543,nan
2339,1745983869.557748,nan
2340,1745983870.573851,nan
2341,1745983870.863935,279.51574325561523
2342,1745983871.8895614,nan
2343,1745983872.9073112,nan
2344,1745983873.931655,nan
2345,1745983874.95651,nan
2346,1745983875.9783638,nan
2347,1745983877.0042486,nan
2348,1745983878.0171752,nan
2349,1745983879.0380037,nan
2350,1745983880.0612338,nan
2351,1745983881.0853944,nan
2352,1745983882.1086125,nan
2353,1745983883.131054,nan
2354,1745983884.1433942,nan
2355,1745983885.231642,nan
2356,1745983886.2573054,nan
2357,1745983887.2735467,nan
2358,1745983888.2853665,nan
2359,1745983889.3091083,nan
2360,1745983890.3403842,nan
2361,1745983891.3654463,nan
2362,1745983892.3914013,nan
2363,1745983893.4163296,nan
2364,1745983894.4413366,nan
2365,1745983895.4525626,nan
2366,1745983896.4683719,nan
2367,1745983897.4854608,nan
2368,1745983898.4990072,nan
2369,1745983899.5231168,nan
2370,1745983900.548849,nan
2371,1745983901.5634062,nan
2372,1745983902.5854797,nan
2373,1745983903.6094484,nan
2374,1745983904.6350782,nan
2375,1745983905.6621091,nan
2376,1745983906.6777864,nan
2377,1745983907.703935,nan
2378,1745983908.716253,nan
2379,1745983909.7387252,nan
2380,1745983910.763121,nan
2381,1745983911.778239,nan
2382,1745983912.802981,nan
2383,1745983913.8163538,nan
2384,1745983914.8373454,nan
2385,1745983915.9253821,nan
2386,1745983916.947952,nan
2387,1745983917.9633572,nan
2388,1745983918.9753058,nan
2389,1745983919.9978902,nan
2390,1745983921.020017,nan
2391,1745983922.037754,nan
2392,1745983923.050769,nan
2393,1745983924.067861,nan
2394,1745983925.0910268,nan
2395,1745983926.118607,nan
2396,1745983927.131143,nan
2397,1745983928.1445613,nan
2398,1745983928.435032,279.8612117767334
2399,1745983928.7253923,279.84619140625
2400,1745983929.7477095,nan
2401,1745983930.7744317,nan
2402,1745983931.7991657,nan
2403,1745983932.8172379,nan
2404,1745983933.8424711,nan
2405,1745983934.8670592,nan
2406,1745983935.8982131,nan
2407,1745983936.9109657,nan
2408,1745983937.9224873,nan
2409,1745983938.9471042,nan
2410,1745983939.9600067,nan
2411,1745983940.981996,nan
2412,1745983941.9954364,nan
2413,1745983943.0205712,nan
2414,1745983944.0323997,nan
2415,1745983945.0572948,nan
2416,1745983946.1428404,nan
2417,1745983947.1552908,nan
2418,1745983948.180142,nan
2419,1745983949.1925724,nan
2420,1745983950.2075245,nan
2421,1745983951.2294354,nan
2422,1745983952.2540042,nan
2423,1745983953.2772462,nan
2424,1745983954.3024669,nan
2425,1745983955.3281727,nan
2426,1745983956.3531053,nan
2427,1745983957.3675394,nan
2428,1745983958.3824465,nan
2429,1745983959.4009373,nan
2430,1745983960.4280827,nan
2431,1745983961.4414806,nan
2432,1745983962.4668186,nan
2433,1745983963.4804108,nan
2434,1745983964.4926841,nan
2435,1745983965.5122921,nan
2436,1745983966.525275,nan
2437,1745983967.5394642,nan
2438,1745983968.563421,nan
2439,1745983969.5799885,nan
2440,1745983970.5994473,nan
2441,1745983971.6106424,nan
2442,1745983972.634172,nan
2443,1745983973.660225,nan
2444,1745983974.673476,nan
2445,1745983975.6853828,nan
2446,1745983976.7622175,nan
2447,1745983977.785035,nan
2448,1745983978.8072987,nan
2449,1745983979.8317726,nan
2450,1745983980.8503141,nan
2451,1745983981.8693972,nan
2452,1745983982.8906314,nan
2453,1745983983.9156609,nan
2454,1745983984.9286883,nan
2455,1745983985.9431138,nan
2456,1745983986.955264,nan
2457,1745983987.969741,nan
2458,1745983988.9953861,nan
2459,1745983990.0191863,nan
2460,1745983991.0304794,nan
2461,1745983992.0556114,nan
2462,1745983993.06798,nan
2463,1745983994.0940385,nan
2464,1745983995.128654,nan
2465,1745983996.1538033,nan
2466,1745983996.4805248,316.0977363586426
2467,1745983997.4983974,nan
2468,1745983998.5122716,nan
2469,1745983999.533321,nan
2470,1745984000.5472143,nan
2471,1745984001.5682662,nan
2472,1745984002.5842178,nan
2473,1745984003.609798,nan
2474,1745984004.626453,nan
2475,1745984005.6522224,nan
2476,1745984007.8309572,nan
2477,1745984008.857397,nan
2478,1745984009.8805056,nan
2479,1745984010.8925316,nan
2480,1745984011.9163492,nan
2481,1745984012.9415295,nan
2482,1745984013.9590328,nan
2483,1745984014.9801393,nan
2484,1745984016.000087,nan
2485,1745984017.0271523,nan
2486,1745984018.0523837,nan
2487,1745984019.0744152,nan
2488,1745984020.0857892,nan
2489,1745984021.1100843,nan
2490,1745984022.1318734,nan
2491,1745984023.1455367,nan
2492,1745984024.1570537,nan
2493,1745984025.1696815,nan
2494,1745984026.192406,nan
2495,1745984027.2172892,nan
2496,1745984028.23,nan
2497,1745984029.2425268,nan
2498,1745984030.2565398,nan
2499,1745984031.2785234,nan
2500,1745984032.3041468,nan
2501,1745984033.3166342,nan
2502,1745984034.3313391,nan
2503,1745984035.3576589,nan
2504,1745984036.3712265,nan
2505,1745984037.457724,nan
2506,1745984038.4814708,nan
2507,1745984039.5038059,nan
2508,1745984040.5284665,nan
2509,1745984041.5525308,nan
2510,1745984042.5752678,nan
2511,1745984043.5950189,nan
2512,1745984044.6188874,nan
2513,1745984045.645499,nan
2514,1745984046.6573179,nan
2515,1745984047.677225,nan
2516,1745984048.6934752,nan
2517,1745984049.7151582,nan
2518,1745984050.7400131,nan
2519,1745984051.7651515,nan
2520,1745984052.7905455,nan
2521,1745984053.802491,nan
2522,1745984054.8185666,nan
2523,1745984055.8476462,nan
2524,1745984056.871843,nan
2525,1745984057.8920643,nan
2526,1745984058.9156265,nan
2527,1745984059.9405239,nan
2528,1745984060.9590843,nan
2529,1745984061.9730885,nan
2530,1745984062.9854534,nan
2531,1745984063.9987552,nan
2532,1745984065.0138624,nan
2533,1745984066.025353,nan
2534,1745984068.1538258,nan
2535,1745984069.178702,nan
2536,1745984070.2079716,nan
2537,1745984071.2295308,nan
2538,1745984072.2516854,nan
2539,1745984073.2703283,nan
2540,1745984074.2962677,nan
2541,1745984075.3186288,nan
2542,1745984076.3444295,nan
2543,1745984077.3653717,nan
2544,1745984078.3899958,nan
2545,1745984079.41136,nan
2546,1745984080.436528,nan
2547,1745984081.4486547,nan
2548,1745984082.468929,nan
2549,1745984083.4801986,nan
2550,1745984084.5027769,nan
2551,1745984085.5315769,nan
2552,1745984086.5559852,nan
2553,1745984087.570306,nan
2554,1745984088.5827835,nan
2555,1745984089.6073675,nan
2556,1745984090.6339328,nan
2557,1745984091.655791,nan
2558,1745984092.6692796,nan
2559,1745984093.680223,nan
2560,1745984094.7027946,nan
2561,1745984095.7152507,nan
2562,1745984096.7276201,nan
2563,1745984097.7525885,nan
2564,1745984098.8372073,nan
2565,1745984099.8637395,nan
2566,1745984100.8888383,nan
2567,1745984101.9012053,nan
2568,1745984102.922151,nan
2569,1745984103.9455352,nan
2570,1745984104.9625957,nan
2571,1745984105.989043,nan
2572,1745984107.001633,nan
2573,1745984108.0202262,nan
2574,1745984109.04094,nan
2575,1745984110.0525808,nan
2576,1745984111.068112,nan
2577,1745984112.0925987,nan
2578,1745984113.1176894,nan
2579,1745984114.1421099,nan
2580,1745984115.1708713,nan
2581,1745984116.193534,nan
2582,1745984117.2164552,nan
2583,1745984118.2418814,nan
2584,1745984119.2631795,nan
2585,1745984120.2785394,nan
2586,1745984121.302241,nan
2587,1745984122.3284295,nan
2588,1745984123.3492243,nan
2589,1745984124.3743048,nan
2590,1745984125.3882682,nan
2591,1745984126.4051223,nan
2592,1745984127.4316263,nan
2593,1745984128.4576893,nan
2594,1745984129.5776565,nan
2595,1745984130.6051967,nan
2596,1745984131.617478,nan
2597,1745984132.6416724,nan
2598,1745984133.6681683,nan
2599,1745984134.6840796,nan
2600,1745984135.695835,nan
2601,1745984136.720174,nan
2602,1745984137.7371845,nan
2603,1745984138.761612,nan
2604,1745984139.7823076,nan
2605,1745984140.8064716,nan
2606,1745984141.8292828,nan
2607,1745984142.8409414,nan
2608,1745984143.8533752,nan
2609,1745984144.8697333,nan
2610,1745984145.900256,nan
2611,1745984146.9252098,nan
2612,1745984147.9370997,nan
2613,1745984148.9632463,nan
2614,1745984149.9877558,nan
2615,1745984151.0082939,nan
2616,1745984152.0237117,nan
2617,1745984153.0368726,nan
2618,1745984154.0630987,nan
2619,1745984155.07893,nan
2620,1745984156.1052032,nan
2621,1745984157.1207037,nan
2622,1745984158.1334753,nan
2623,1745984160.2674496,nan
2624,1745984161.2806427,nan
2625,1745984162.3064306,nan
2626,1745984163.3308058,nan
2627,1745984164.3436384,nan
2628,1745984165.3583,nan
2629,1745984166.3828695,nan
2630,1745984167.4043067,nan
2631,1745984168.427994,nan
2632,1745984169.4534185,nan
2633,1745984170.4687796,nan
2634,1745984171.4851906,nan
2635,1745984172.5101347,nan
2636,1745984173.5262628,nan
2637,1745984174.5403497,nan
2638,1745984175.5671647,nan
2639,1745984176.5783072,nan
2640,1745984177.5977058,nan
2641,1745984178.6097841,nan
2642,1745984179.6300893,nan
2643,1745984180.657025,nan
2644,1745984181.6811538,nan
2645,1745984182.69288,nan
2646,1745984183.705371,nan
2647,1745984184.717942,nan
2648,1745984185.7323256,nan
2649,1745984186.7555885,nan
2650,1745984187.7696772,nan
2651,1745984188.7836678,nan
2652,1745984189.7972772,nan
2653,1745984190.8964674,nan
2654,1745984191.922907,nan
2655,1745984192.9353602,nan
2656,1745984193.9595506,nan
2657,1745984194.9719636,nan
2658,1745984195.986918,nan
2659,1745984197.0128598,nan
2660,1745984198.0378377,nan
2661,1745984199.0507236,nan
2662,1745984200.0626414,nan
2663,1745984201.088105,nan
2664,1745984202.0994883,nan
2665,1745984203.1253493,nan
2666,1745984204.1381967,nan
2667,1745984205.1636438,nan
2668,1745984206.1875417,nan
2669,1745984207.2141995,nan
2670,1745984208.2272468,nan
2671,1745984209.2472382,nan
2672,1745984210.2587733,nan
2673,1745984211.275535,nan
2674,1745984212.2977593,nan
2675,1745984213.3203354,nan
2676,1745984214.34521,nan
2677,1745984215.3581648,nan
2678,1745984216.3746147,nan
2679,1745984217.3963344,nan
2680,1745984218.4112213,nan
2681,1745984219.4371855,nan
2682,1745984220.4680588,nan
2683,1745984221.5490835,nan
2684,1745984222.5754173,nan
2685,1745984223.5979526,nan
2686,1745984224.621759,nan
2687,1745984225.6354663,nan
2688,1745984226.6590714,nan
2689,1745984227.6733367,nan
2690,1745984228.6844282,nan
2691,1745984229.7104497,nan
2692,1745984230.7254102,nan
2693,1745984231.7392564,nan
2694,1745984232.7543178,nan
2695,1745984233.7665727,nan
2696,1745984234.7927954,nan
2697,1745984235.8166242,nan
2698,1745984236.841576,nan
2699,1745984237.868282,nan
2700,1745984238.8829787,nan
2701,1745984239.9009356,nan
2702,1745984240.9132693,nan
2703,1745984241.929991,nan
2704,1745984242.2212462,280.728816986084
2705,1745984243.2411354,nan
2706,1745984244.2621422,nan
2707,1745984245.2866144,nan
2708,1745984246.3001099,nan
2709,1745984247.3140101,nan
2710,1745984248.3393893,nan
2711,1745984249.353412,nan
2712,1745984250.375434,nan
2713,1745984251.4614034,nan
2714,1745984252.4853475,nan
2715,1745984253.497102,nan
2716,1745984254.522384,nan
2717,1745984255.5371044,nan
2718,1745984256.5483525,nan
2719,1745984257.5622208,nan
2720,1745984258.5842922,nan
2721,1745984259.5982604,nan
2722,1745984260.6139333,nan
2723,1745984261.625303,nan
2724,1745984262.642977,nan
2725,1745984263.6555634,nan
2726,1745984264.6684165,nan
2727,1745984265.6924596,nan
2728,1745984266.7054126,nan
2729,1745984267.731355,nan
2730,1745984268.7553782,nan
2731,1745984269.7772458,nan
2732,1745984270.789501,nan
2733,1745984271.8132594,nan
2734,1745984272.8374476,nan
2735,1745984273.864205,nan
2736,1745984274.8876147,nan
2737,1745984275.8985896,nan
2738,1745984276.9225864,nan
2739,1745984277.9374084,nan
2740,1745984278.9611368,nan
2741,1745984279.9898567,nan
2742,1745984282.1165948,nan
2743,1745984283.1279738,nan
2744,1745984284.1552246,nan
2745,1745984285.1710339,nan
2746,1745984286.1953256,nan
2747,1745984287.2078476,nan
2748,1745984288.2194843,nan
2749,1745984289.2307427,nan
2750,1745984290.2430212,nan
2751,1745984291.2652209,nan
2752,1745984292.2906349,nan
2753,1745984293.3163676,nan
2754,1745984294.3292596,nan
2755,1745984295.3537707,nan
2756,1745984296.3779554,nan
2757,1745984297.390161,nan
2758,1745984298.4152267,nan
2759,1745984299.4279046,nan
2760,1745984300.451447,nan
2761,1745984301.4760742,nan
2762,1745984302.4976642,nan
2763,1745984303.5114257,nan
2764,1745984304.5370734,nan
2765,1745984305.5517254,nan
2766,1745984306.5783105,nan
2767,1745984307.6050181,nan
2768,1745984308.6254818,nan
2769,1745984309.6515791,nan
2770,1745984310.6795158,nan
2771,1745984311.6926894,nan
2772,1745984313.9026303,nan
2773,1745984314.918001,nan
2774,1745984315.9418871,nan
2775,1745984316.9678667,nan
2776,1745984317.9901762,nan
2777,1745984319.016595,nan
2778,1745984320.0281942,nan
2779,1745984321.0414498,nan
2780,1745984322.063494,nan
2781,1745984323.076041,nan
2782,1745984324.0908575,nan
2783,1745984325.1178918,nan
2784,1745984326.1404111,nan
2785,1745984327.1666112,nan
2786,1745984328.185071,nan
2787,1745984329.209355,nan
2788,1745984330.2304265,nan
2789,1745984331.2554252,nan
2790,1745984332.2818694,nan
2791,1745984333.2939765,nan
2792,1745984334.3114324,nan
2793,1745984335.3374612,nan
2794,1745984336.3611467,nan
2795,1745984337.3866045,nan
2796,1745984338.4065566,nan
2797,1745984339.4289443,nan
2798,1745984340.4562438,nan
2799,1745984341.4824543,nan
2800,1745984342.493586,nan
2801,1745984343.516767,nan
2802,1745984344.6043444,nan
2803,1745984345.615433,nan
2804,1745984346.639752,nan
2805,1745984347.6520941,nan
2806,1745984348.6749234,nan
2807,1745984349.700763,nan
2808,1745984350.7212749,nan
2809,1745984351.7451093,nan
2810,1745984352.7714176,nan
2811,1745984353.7923214,nan
2812,1745984354.8054085,nan
2813,1745984355.826597,nan
2814,1745984356.838283,nan
2815,1745984357.852965,nan
2816,1745984358.8777013,nan
2817,1745984359.8944907,nan
2818,1745984360.9074364,nan
2819,1745984361.9298599,nan
2820,1745984362.956237,nan
2821,1745984363.9806027,nan
2822,1745984365.0034552,nan
2823,1745984366.0172114,nan
2824,1745984367.040806,nan
2825,1745984368.0653217,nan
2826,1745984369.0909686,nan
2827,1745984370.1170826,nan
2828,1745984371.1320455,nan
2829,1745984372.1465428,nan
2830,1745984373.1684408,nan
2831,1745984374.253125,nan
2832,1745984375.275307,nan
2833,1745984376.2985754,nan
2834,1745984377.3250947,nan
2835,1745984378.3394446,nan
2836,1745984379.3522532,nan
2837,1745984380.363877,nan
2838,1745984381.387823,nan
2839,1745984382.4028466,nan
2840,1745984383.4282558,nan
2841,1745984384.4477398,nan
2842,1745984385.4766917,nan
2843,1745984386.4982047,nan
2844,1745984387.5253637,nan
2845,1745984388.5514743,nan
2846,1745984389.5687795,nan
2847,1745984390.5887394,nan
2848,1745984391.604356,nan
2849,1745984392.6190643,nan
2850,1745984393.6324453,nan
2851,1745984394.6471708,nan
2852,1745984395.6698773,nan
2853,1745984396.6912904,nan
2854,1745984397.715164,nan
2855,1745984398.7403996,nan
2856,1745984399.7530382,nan
2857,1745984400.7753198,nan
2858,1745984401.8003716,nan
2859,1745984402.813722,nan
2860,1745984403.8385248,nan
2861,1745984404.9250696,nan
2862,1745984405.9456754,nan
2863,1745984406.9592495,nan
2864,1745984407.9707289,nan
2865,1745984408.9953887,nan
2866,1745984410.0072112,nan
2867,1745984411.0200202,nan
2868,1745984412.0456214,nan
2869,1745984413.0688052,nan
2870,1745984414.0833693,nan
2871,1745984415.10789,nan
2872,1745984416.1318166,nan
2873,1745984417.1511421,nan
2874,1745984418.1667142,nan
2875,1745984419.1881173,nan
2876,1745984420.2007165,nan
2877,1745984421.2142117,nan
2878,1745984422.2383053,nan
2879,1745984423.263183,nan
2880,1745984424.2775822,nan
2881,1745984425.3032439,nan
2882,1745984426.3263843,nan
2883,1745984427.3510287,nan
2884,1745984428.3720722,nan
2885,1745984429.396195,nan
2886,1745984430.4091544,nan
2887,1745984431.4211788,nan
2888,1745984432.4470282,nan
2889,1745984433.4731777,nan
2890,1745984434.487413,nan
2891,1745984435.5704038,nan
2892,1745984436.5952199,nan
2893,1745984437.6085627,nan
2894,1745984438.634002,nan
2895,1745984439.6481507,nan
2896,1745984440.6626236,nan
2897,1745984441.6852896,nan
2898,1745984442.698487,nan
2899,1745984443.719158,nan
2900,1745984444.746237,nan
2901,1745984445.767228,nan
2902,1745984446.7809393,nan
2903,1745984447.8073177,nan
2904,1745984448.8223698,nan
2905,1745984449.848811,nan
2906,1745984450.868514,nan
2907,1745984451.8917534,nan
2908,1745984452.9052603,nan
2909,1745984453.9310908,nan
2910,1745984454.9570885,nan
2911,1745984455.9714205,nan
2912,1745984456.9963987,nan
2913,1745984458.0214896,nan
2914,1745984459.0458024,nan
2915,1745984460.0708625,nan
2916,1745984461.0855122,nan
2917,1745984462.0970562,nan
2918,1745984463.123764,nan
2919,1745984464.1494877,nan
2920,1745984465.2401078,nan
2921,1745984466.2643914,nan
2922,1745984467.2875845,nan
2923,1745984468.312462,nan
2924,1745984469.3363388,nan
2925,1745984470.3491364,nan
2926,1745984471.3609836,nan
2927,1745984472.3851633,nan
2928,1745984473.4083364,nan
2929,1745984474.432654,nan
2930,1745984475.45922,nan
2931,1745984476.4849272,nan
2932,1745984477.5002692,nan
2933,1745984478.5187318,nan
2934,1745984479.533395,nan
2935,1745984480.5588124,nan
2936,1745984481.5850782,nan
2937,1745984482.610293,nan
2938,1745984483.622296,nan
2939,1745984484.6341543,nan
2940,1745984485.6474843,nan
2941,1745984486.672316,nan
2942,1745984487.695276,nan
2943,1745984488.7089558,nan
2944,1745984489.7374487,nan
2945,1745984490.750514,nan
2946,1745984491.7766888,nan
2947,1745984492.7910888,nan
2948,1745984493.8132205,nan
2949,1745984494.8392725,nan
2950,1745984495.9234922,nan
2951,1745984496.9400172,nan
2952,1745984497.9662087,nan
2953,1745984498.9920924,nan
2954,1745984500.011584,nan
2955,1745984501.0343723,nan
2956,1745984502.0462747,nan
2957,1745984503.0685263,nan
2958,1745984504.0922987,nan
2959,1745984505.1033397,nan
2960,1745984506.1236744,nan
2961,1745984507.14591,nan
2962,1745984508.167624,nan
2963,1745984509.1929758,nan
2964,1745984510.2178192,nan
2965,1745984511.2326615,nan
2966,1745984512.253464,nan
2967,1745984513.2674885,nan
2968,1745984514.2913523,nan
2969,1745984515.3144407,nan
2970,1745984516.340317,nan
2971,1745984517.3616483,nan
2972,1745984518.384032,nan
2973,1745984519.4179583,nan
2974,1745984520.4354095,nan
2975,1745984521.4510741,nan
2976,1745984522.4773936,nan
2977,1745984523.5016198,nan
2978,1745984524.5183911,nan
2979,1745984525.5400407,nan
2980,1745984526.627133,nan
2981,1745984527.6406355,nan
2982,1745984528.6657784,nan
2983,1745984529.6793816,nan
2984,1745984530.696291,nan
2985,1745984531.721472,nan
2986,1745984532.7393653,nan
2987,1745984533.7596529,nan
2988,1745984534.7709749,nan
2989,1745984535.7875028,nan
2990,1745984536.8079998,nan
2991,1745984537.823826,nan
2992,1745984538.8494463,nan
2993,1745984539.8762937,nan
2994,1745984540.8980742,nan
2995,1745984541.925321,nan
2996,1745984542.9427836,nan
2997,1745984543.963521,nan
2998,1745984544.98867,nan
2999,1745984546.0037293,nan
3000,1745984547.025242,nan
3001,1745984548.0481799,nan
3002,1745984549.0725555,nan
3003,1745984550.0862582,nan
3004,1745984551.112121,nan
3005,1745984552.134305,nan
3006,1745984553.1461442,nan
3007,1745984554.1705537,nan
3008,1745984555.1942806,nan
3009,1745984556.2810078,nan
3010,1745984557.2953603,nan
3011,1745984558.307553,nan
3012,1745984559.3299253,nan
3013,1745984560.3514569,nan
3014,1745984561.3762186,nan
3015,1745984562.397661,nan
3016,1745984563.4228427,nan
3017,1745984564.4468124,nan
3018,1745984565.470645,nan
3019,1745984566.4973476,nan
3020,1745984567.5236146,nan
3021,1745984568.546832,nan
3022,1745984569.5604923,nan
3023,1745984570.5787623,nan
3024,1745984571.6003006,nan
3025,1745984572.618578,nan
3026,1745984573.630453,nan
3027,1745984574.6451669,nan
3028,1745984575.658852,nan
3029,1745984576.6715171,nan
3030,1745984577.6862395,nan
3031,1745984578.7084353,nan
3032,1745984579.7389405,nan
3033,1745984580.7607574,nan
3034,1745984581.7759786,nan
3035,1745984582.7994008,nan
3036,1745984583.8207898,nan
3037,1745984584.8452103,nan
3038,1745984585.8604639,nan
3039,1745984586.9450243,nan
3040,1745984587.9574237,nan
3041,1745984588.9834142,nan
3042,1745984589.9966416,nan
3043,1745984591.0231743,nan
3044,1745984592.0483243,nan
3045,1745984593.0714128,nan
3046,1745984594.102695,nan
3047,1745984595.123655,nan
3048,1745984596.1354609,nan
3049,1745984597.1477468,nan
3050,1745984598.1744077,nan
3051,1745984599.1990352,nan
3052,1745984600.2222216,nan
3053,1745984601.2459931,nan
3054,1745984602.2727132,nan
3055,1745984603.29799,nan
3056,1745984604.3224936,nan
3057,1745984605.345241,nan
3058,1745984606.3720927,nan
3059,1745984607.3903627,nan
3060,1745984608.4054677,nan
3061,1745984609.4350886,nan
3062,1745984610.4481618,nan
3063,1745984611.4714208,nan
3064,1745984612.4910858,nan
3065,1745984613.5161495,nan
3066,1745984614.5417702,nan
3067,1745984615.5611129,nan
3068,1745984616.587849,nan
3069,1745984617.6720073,nan
3070,1745984618.685971,nan
3071,1745984619.698348,nan
3072,1745984620.712988,nan
3073,1745984621.7350392,nan
3074,1745984622.7559497,nan
3075,1745984623.7736533,nan
3076,1745984624.8072731,nan
3077,1745984625.827213,nan
3078,1745984626.8540974,nan
3079,1745984627.8669467,nan
3080,1745984628.8891747,nan
3081,1745984629.914165,nan
3082,1745984630.9359946,nan
3083,1745984631.9603803,nan
3084,1745984632.9741762,nan
3085,1745984633.9963605,nan
3086,1745984635.0218852,nan
3087,1745984636.0338593,nan
3088,1745984637.0459642,nan
3089,1745984638.0588284,nan
3090,1745984639.0833504,nan
3091,1745984640.096578,nan
3092,1745984641.1199753,nan
3093,1745984642.131259,nan
3094,1745984643.1464036,nan
3095,1745984644.1722474,nan
3096,1745984645.1848972,nan
3097,1745984646.1970909,nan
3098,1745984647.281604,nan
3099,1745984648.3048651,nan
3100,1745984649.3184395,nan
3101,1745984650.3337963,nan
3102,1745984651.3587093,nan
3103,1745984652.3839202,nan
3104,1745984653.3957047,nan
3105,1745984654.419376,nan
3106,1745984655.4416554,nan
3107,1745984656.4666197,nan
3108,1745984657.4789732,nan
3109,1745984658.4952164,nan
3110,1745984659.5204,nan
3111,1745984660.5314724,nan
3112,1745984661.5560236,nan
3113,1745984662.5776982,nan
3114,1745984663.5922227,nan
3115,1745984664.6140149,nan
3116,1745984665.6400194,nan
3117,1745984666.6551692,nan
3118,1745984667.676203,nan
3119,1745984668.7004561,nan
3120,1745984669.724988,nan
3121,1745984670.7476792,nan
3122,1745984671.7720768,nan
3123,1745984672.7848113,nan
3124,1745984673.8088949,nan
3125,1745984674.8302908,nan
3126,1745984675.8414917,nan
3127,1745984676.8673205,nan
3128,1745984677.9823432,nan
3129,1745984679.0076637,nan
3130,1745984680.0308707,nan
3131,1745984681.0553463,nan
3132,1745984682.0822825,nan
3133,1745984683.1051,nan
3134,1745984684.131234,nan
3135,1745984685.1570148,nan
3136,1745984686.1720293,nan
3137,1745984687.1959348,nan
3138,1745984688.2118902,nan
3139,1745984689.236782,nan
3140,1745984690.2601144,nan
3141,1745984691.277775,nan
3142,1745984692.2905226,nan
3143,1745984693.3150938,nan
3144,1745984694.338888,nan
3145,1745984695.3652668,nan
3146,1745984696.3900938,nan
3147,1745984697.4172225,nan
3148,1745984698.4412854,nan
3149,1745984699.467318,nan
3150,1745984700.493318,nan
3151,1745984701.5049815,nan
3152,1745984702.530523,nan
3153,1745984703.5568504,nan
3154,1745984704.5799742,nan
3155,1745984705.6028428,nan
3156,1745984706.6272423,nan
3157,1745984707.643257,nan
3158,1745984708.7272499,nan
3159,1745984709.7536101,nan
3160,1745984710.776426,nan
3161,1745984711.8001118,nan
3162,1745984712.8139994,nan
3163,1745984713.8378208,nan
3164,1745984714.8636374,nan
3165,1745984715.8892698,nan
3166,1745984716.9152977,nan
3167,1745984717.9364743,nan
3168,1745984718.959456,nan
3169,1745984719.971144,nan
3170,1745984720.9964879,nan
3171,1745984722.0197546,nan
3172,1745984723.0423286,nan
3173,1745984724.0654683,nan
3174,1745984725.0915031,nan
